	0	1	2	3	4	5	6	7	8	9	10	11	12	13	14	15	16	17	18	19	20	21	22	23	24	25	26	27	28	29	30	31	32	33	34	35	36	37	38	39	40	41	42	43	44	45	46	47	48	49	50	51	52	53	54	55	56	57	58	59	60	61	62	63	64	65	66	67	68	69	70	71	72	73	74	75	76	77	78	79	80	81	82	83	84	85	86	87	88	89	90	91	92	93	94	95	96	97	98	99	100	101	102	103	104	105	106	107	108	109	110	111	112	113	114	115	116	117	118	119	120	121	122	123	124	125	126	127	128	129	130	131	132	133	134	135	136	137	138	139	140	141	142	143	144	145	146	147	148	149	150	151	152	153	154	155	156	157	158	159	160	161	162	163	164	165	166	167	168	169	170	171	172	173	174	175	176	177	178	179	180	181	182	183	184	185	186	187	188	189	190	191	192	193	194	195	196	197	198	199	200	201	202	203	204	205	206	207	208	209	210	211	212	213	214	215	216	217	218	219	220	221	222	223	224	225	226	227	228	229	230	231	232	233	234	235	236	237	238	239	240	241	242	243	244	245	246	247	248	249	250	251	252	253	254	255	256	257	258	259	260	261	262	263	264	265	266	267	268	269	270	271	272	273	274	275	276	277	278	279	280	281	282	283	284	285	286	287	288	289	290	291	292	293	294	295	296	297	298	299	300	301	302	303	304	305	306	307	308	309	310	311	312	313	314	315	316	317	318	319	320	321	322	323	324	325	326	327	328	329	330	331	332	333	334	335	336	337	338	339	340	341	342	343	344	345	346	347	348	349	350	351	352	353	354	355	356	357	358	359	360	361	362	363	364	365	366	367	368	369	370	371	372	373	374	375	376	377	378	379	380	381	382	383	384	385	386	387	388	389	390	391	392	393	394	395	396	397	398	399	400	401	402	403	404	405	406	407	408	409	410	411	412	413	414	415	416	417	418	419	420	421	422	423	424	425	426	427	428	429	430	431	432	433	434	435	436	437	438	439	440	441	442	443	444	445	446	447	448	449	450	451	452	453	454	455	456	457	458	459	460	461	462	463	464	465	466	467	468	469	470	471	472	473	474	475	476	477	478	479	480	481	482	483	484	485	486	487	488	489	490	491	492	493	494	495	496	497
cell0	105	102	107	110	105	117	101	101	103	111	100	93	109	90	105	119	120	109	131	115	93	116	87	106	76	132	86	104	87	106	113	112	115	103	100	94	99	115	120	124	94	91	102	114	101	73	98	105	102	96	103	89	78	90	115	116	94	96	99	124	114	119	119	118	114	79	105	126	91	120	114	88	116	100	89	104	107	94	82	113	96	88	113	91	101	100	97	102	122	121	92	101	109	124	109	129	100	104	100	95	106	74	86	99	107	76	109	95	103	102	122	96	104	95	115	107	109	105	96	118	84	115	116	115	83	100	97	130	101	113	101	85	118	92	116	105	105	101	121	115	103	101	109	104	95	89	112	95	104	110	120	80	117	91	110	104	97	103	114	94	117	110	99	132	97	127	91	95	97	103	95	102	115	103	85	111	112	103	111	86	113	96	113	101	118	107	90	94	120	107	93	109	106	91	118	101	125	97	120	102	107	93	103	106	101	110	97	108	101	120	106	90	121	123	98	101	104	99	130	90	103	115	94	97	90	92	99	102	103	101	106	105	105	101	108	117	84	112	89	127	120	117	138	106	52	69	56	63	86	70	70	76	54	74	75	74	61	76	69	57	82	81	82	67	70	84	60	67	81	67	87	68	68	66	74	50	60	78	55	68	70	62	71	65	58	73	76	58	62	74	78	59	72	71	86	55	66	78	70	76	70	72	77	82	67	75	86	78	60	69	66	63	63	69	72	74	71	66	63	51	64	87	55	61	65	72	73	72	75	77	72	72	60	73	86	77	69	64	65	62	79	61	79	76	51	62	68	74	87	82	80	68	72	76	53	80	56	63	65	61	69	86	86	66	67	48	79	69	67	66	82	70	62	59	63	75	65	77	68	78	69	78	74	74	68	89	82	72	68	61	64	62	65	88	78	59	88	65	54	66	63	67	80	72	67	72	57	69	75	76	74	64	71	59	66	66	71	74	65	71	65	66	58	61	59	72	74	55	81	66	69	69	61	73	62	57	51	72	69	73	67	85	66	71	66	64	85	74	77	58	57	73	60	66	55	64	60	65	76	69	75	72	79	75	68	73	72	71	72	78	84	70	79	61	72	58	58	67	60	68	52	60	69	66	79	65	76	61	63	77	65	76	69	56	81	59	68	66
cell1	215	216	202	169	219	215	224	185	202	206	193	225	226	225	207	200	187	175	208	188	218	201	209	204	209	174	206	200	218	209	196	226	236	206	194	187	198	204	192	214	203	184	201	200	193	184	225	216	231	218	179	179	223	188	208	208	193	200	193	220	211	196	247	220	214	199	210	171	195	195	217	201	212	211	211	197	237	204	185	221	194	197	224	216	200	194	232	198	222	188	202	212	215	174	181	190	180	206	188	187	206	202	207	187	183	150	181	213	200	197	217	222	172	188	200	200	223	200	162	194	184	196	188	206	227	220	208	229	189	180	200	213	202	188	198	214	224	221	204	202	213	233	250	217	219	197	207	233	187	202	238	206	193	209	211	189	229	223	213	216	218	171	205	234	213	220	206	195	203	221	180	183	165	242	161	212	221	213	181	211	204	184	223	200	209	180	192	201	209	198	172	209	179	187	233	189	223	196	198	234	230	180	215	208	184	199	190	226	194	199	202	227	219	187	208	188	183	176	184	207	199	185	204	213	181	213	230	220	213	186	218	203	255	220	211	189	181	199	223	200	205	210	220	187	136	127	147	152	142	154	127	133	137	141	156	135	126	181	120	155	126	143	128	148	135	154	141	119	132	149	124	129	125	136	138	133	130	115	128	140	148	127	148	119	132	114	121	133	123	125	127	149	140	131	130	137	143	143	128	123	156	151	123	132	140	133	135	133	157	151	148	133	135	147	157	161	122	154	123	152	147	155	141	130	117	137	153	153	126	123	136	145	109	139	124	135	144	163	117	129	154	133	143	132	158	132	145	144	146	130	134	148	132	132	145	122	148	143	128	110	143	149	139	121	111	110	141	121	112	119	144	137	123	111	135	135	146	126	141	135	121	170	164	146	136	131	133	136	141	132	135	136	122	122	141	117	134	158	140	126	144	125	127	125	143	127	142	118	123	142	138	134	137	143	141	120	140	126	154	126	168	146	125	142	143	124	156	123	135	108	127	121	157	128	127	137	131	111	142	132	167	148	145	125	127	143	150	118	136	145	119	153	140	134	128	129	165	113	159	145	143	127	168	131	127	152	128	144	111	132	149	142	136	147	136	158	114	120	135	141	116	150	131	130	129	139	127	128	130	135	133	126	137	139	128	122	115	138
cell2	177	136	157	153	172	168	147	133	156	149	145	144	181	155	163	141	138	168	152	159	134	154	139	155	172	151	167	152	167	151	153	165	159	153	146	140	156	150	144	139	138	135	168	194	166	159	160	153	164	169	146	134	157	165	151	162	126	178	177	177	174	182	167	165	170	133	171	148	160	144	179	132	147	140	143	163	162	159	148	154	148	157	150	139	153	154	167	153	162	155	146	180	147	155	175	126	132	144	140	165	138	157	164	146	140	148	154	155	147	141	162	155	163	123	154	136	162	116	127	152	150	147	191	157	135	183	150	183	143	156	145	150	135	154	174	142	149	170	153	159	164	148	158	168	175	158	137	179	157	148	144	148	133	134	138	161	151	161	161	173	168	151	168	173	171	161	134	149	158	172	137	166	137	147	152	166	168	152	149	170	146	162	161	164	158	172	165	142	171	150	168	168	147	158	164	137	157	155	142	169	158	148	176	176	177	163	155	165	164	152	151	162	194	125	172	175	154	148	155	185	169	140	135	143	142	160	178	154	148	135	184	172	169	176	176	158	141	149	138	149	177	160	161	146	112	107	103	108	95	103	113	82	115	99	104	122	101	118	94	128	116	103	110	83	119	104	93	94	104	111	92	94	92	103	98	93	106	129	116	87	129	76	108	96	92	104	116	91	121	125	93	106	105	105	111	100	99	119	104	111	111	109	101	92	112	108	113	104	111	96	127	97	85	90	105	97	80	119	97	129	104	108	109	94	122	80	121	103	96	101	96	102	114	107	101	81	91	96	93	96	105	106	117	118	103	87	104	94	113	89	107	104	112	106	87	109	105	109	103	101	109	95	98	104	95	85	100	101	112	100	98	106	97	91	104	114	115	101	107	79	95	101	126	94	102	113	105	103	109	105	95	104	86	99	88	112	94	131	95	101	98	86	103	102	94	98	118	92	117	114	122	100	91	98	99	119	93	121	87	110	88	120	97	115	85	102	111	102	96	97	104	109	106	104	102	91	94	87	105	103	119	109	89	104	114	105	118	108	101	120	87	143	96	116	101	83	102	90	107	106	114	93	84	100	97	104	105	112	101	99	109	107	95	88	102	97	106	91	106	114	104	106	92	124	114	98	113	101	93	90	113	119	93	110	94	84	80	85
cell3	182	148	187	167	173	155	199	139	160	162	151	138	155	168	199	173	180	136	177	143	168	148	185	155	157	163	176	191	189	160	168	191	166	154	156	153	196	179	190	170	169	150	154	170	165	167	151	159	153	173	147	155	196	165	155	194	146	198	175	159	161	165	153	172	173	161	161	158	164	139	164	173	161	160	169	148	162	175	147	171	176	150	164	169	154	157	194	173	166	180	139	189	152	150	144	149	145	170	173	161	190	140	156	176	160	129	186	160	160	162	187	166	159	137	165	173	157	148	183	160	151	187	173	151	161	190	188	171	150	193	153	186	176	153	172	138	186	186	155	168	157	152	181	192	144	172	178	161	157	146	178	125	156	156	178	160	161	172	180	177	174	152	166	184	178	179	167	168	170	180	170	148	144	168	146	155	178	167	174	161	182	136	152	160	147	164	148	170	167	149	161	196	180	162	183	163	176	172	150	179	167	163	206	167	153	181	184	148	182	179	181	156	162	164	154	150	170	161	169	176	175	159	134	185	160	161	163	143	168	164	174	170	166	184	151	173	155	151	175	156	175	177	184	164	92	114	112	128	131	116	101	127	104	114	122	104	117	90	108	112	102	125	122	110	133	105	94	132	130	109	107	105	110	103	129	102	111	108	113	127	112	90	95	107	107	98	126	98	104	88	103	107	120	114	90	91	112	120	114	101	101	118	116	111	105	115	119	93	113	98	129	101	104	117	127	129	95	130	111	130	109	116	122	91	105	96	126	114	118	104	121	118	112	116	126	113	104	104	94	82	109	114	111	105	106	115	102	113	120	115	111	112	121	115	116	105	116	120	87	115	116	95	109	106	108	114	91	118	102	100	114	116	106	105	127	129	103	150	122	102	115	118	110	106	107	107	115	102	126	95	103	107	118	99	96	91	106	121	94	98	102	91	104	99	101	102	83	100	102	109	107	109	93	98	98	117	120	117	132	118	126	120	112	116	107	87	124	96	124	88	119	103	107	113	111	114	107	90	99	111	108	120	113	102	109	117	122	120	115	96	86	111	92	103	115	134	109	97	141	106	112	114	103	115	110	114	127	123	100	100	106	100	127	99	109	118	112	104	92	112	113	126	106	101	129	120	113	115	115	107	124	118	122	118	91	106	99	80
cell4	104	83	94	86	77	80	92	72	94	81	89	108	83	84	90	81	90	74	90	93	82	88	98	85	76	73	76	85	89	104	81	100	110	93	79	82	81	92	82	97	79	79	84	106	107	107	72	97	92	88	82	94	88	95	91	85	75	90	87	80	74	81	74	93	81	86	100	80	72	93	96	73	90	85	88	82	103	101	77	94	93	99	93	84	84	62	86	93	71	75	94	75	98	66	75	88	87	90	83	87	75	74	87	81	85	63	91	97	78	74	81	93	68	82	78	74	97	93	83	88	69	94	107	94	87	80	78	96	77	84	97	93	88	71	87	88	103	82	70	96	83	68	102	82	71	84	86	91	103	84	75	83	79	80	71	78	96	94	69	82	90	81	97	73	92	106	92	93	78	82	84	73	84	105	88	99	76	95	80	89	94	81	89	97	91	87	78	86	93	65	94	78	89	87	92	71	90	91	86	83	99	72	91	86	81	88	95	80	96	83	78	99	89	85	89	76	78	85	83	97	83	73	89	84	79	86	101	79	86	83	85	92	80	90	93	78	77	72	85	86	85	93	106	93	59	52	74	50	61	59	46	80	48	41	67	61	69	61	59	58	62	52	62	62	58	55	35	60	65	56	63	53	69	58	73	48	53	66	65	50	57	53	70	59	52	58	58	58	63	55	65	61	60	66	66	60	53	65	58	46	56	70	57	50	54	54	73	56	55	62	48	52	76	54	59	62	45	56	51	44	52	56	58	41	59	62	62	54	59	61	64	43	61	65	59	60	56	60	51	47	54	65	59	67	50	65	59	59	68	43	61	62	58	68	46	48	63	60	54	60	71	52	64	58	42	53	55	55	58	45	56	40	57	55	64	69	57	53	62	60	63	60	54	58	50	61	65	54	44	60	48	52	49	41	53	55	57	62	51	46	67	57	67	53	54	52	58	61	70	75	69	60	51	52	51	90	67	57	68	71	62	50	46	63	67	48	59	51	67	60	58	52	69	55	57	55	64	60	69	42	49	56	63	56	55	67	63	55	55	48	55	61	52	53	60	58	58	53	58	71	68	49	46	53	55	65	56	49	54	41	65	65	54	60	40	47	48	45	55	75	52	66	56	47	59	53	50	51	73	54	68	65	59	61	59	62	71	49
cell5	119	118	127	122	122	127	123	120	135	109	126	123	130	109	127	123	107	128	148	110	130	122	126	105	136	131	136	127	133	127	113	145	129	130	105	132	130	121	136	142	105	137	120	122	120	130	102	189	182	194	174	154	181	200	194	194	212	187	161	202	219	192	208	191	195	180	207	199	164	176	195	181	194	168	188	121	122	123	123	136	116	58	75	57	0	0	0	51	62	70	131	143	100	118	117	124	105	105	116	116	133	121	143	114	97	113	137	149	130	123	140	111	114	106	148	125	150	107	125	122	111	118	123	132	132	133	124	119	135	108	137	117	128	106	130	114	140	132	143	117	135	109	130	106	129	132	126	154	113	121	134	112	110	105	107	115	115	117	133	151	158	102	146	134	130	136	134	127	151	149	123	106	124	146	136	160	110	117	136	159	123	107	111	126	126	149	111	142	124	120	129	138	107	124	128	102	135	124	134	123	120	117	131	129	107	103	130	135	121	124	133	125	141	109	139	141	131	92	109	147	117	111	128	106	119	124	150	131	110	110	127	135	134	134	121	119	105	124	125	130	122	130	146	119	118	127	120	131	151	128	139	134	116	122	134	125	132	142	105	113	125	123	130	107	151	126	126	148	113	125	103	141	120	119	133	126	135	119	136	124	123	121	124	119	108	140	112	102	149	133	137	141	111	136	115	140	120	128	125	112	108	125	122	150	149	117	157	119	134	147	135	121	123	117	143	141	123	119	108	113	134	98	119	113	106	119	118	121	116	133	129	142	134	126	140	121	118	131	117	127	128	126	133	115	109	128	144	129	126	135	126	98	123	125	115	123	134	126	119	121	138	121	133	109	129	124	115	126	123	124	138	123	109	134	127	135	122	126	136	132	126	141	115	141	136	129	141	116	119	133	130	114	124	134	129	130	103	136	133	144	134	111	118	119	126	111	123	146	140	143	123	135	93	127	112	136	133	120	123	115	115	111	122	127	122	106	124	104	124	123	122	134	118	123	133	78	115	119	146	145	140	113	142	121	140	137	112	141	135	141	117	133	141	125	115	131	140	117	116	134	148	125	142	113	115	139	126	158	118	117	134	151	123	109	121	111	131	130	116	136	114	122	88	110	119	130	131	126	110	119	121	118	129	128	153	116	120	126
cell6	93	111	109	118	91	127	109	103	130	87	88	108	133	104	97	107	91	111	97	91	110	112	107	115	117	124	133	131	115	118	107	109	116	110	112	115	123	101	130	124	113	110	110	101	108	128	105	178	157	161	154	158	183	159	176	199	163	165	160	187	178	168	171	157	161	153	180	145	158	152	192	166	159	165	189	124	103	123	111	113	112	70	58	58	0	0	0	59	56	58	99	118	115	87	89	103	115	97	117	114	132	96	101	77	92	99	105	113	110	125	118	110	111	83	117	97	119	113	102	132	114	118	86	102	105	119	107	119	104	138	87	123	107	100	98	114	132	82	115	115	114	105	96	115	109	101	110	136	105	128	115	118	119	87	136	113	135	113	125	128	122	104	114	118	97	123	101	99	93	109	126	113	97	111	115	107	123	126	123	138	126	101	97	95	117	127	84	131	103	94	109	90	103	116	134	98	120	124	108	127	112	101	110	121	102	108	130	114	100	102	105	106	118	117	111	130	95	83	101	120	99	100	103	92	116	130	135	100	93	111	134	123	115	111	108	110	103	111	109	97	110	107	125	96	105	121	102	113	126	116	100	101	92	107	116	110	114	110	107	97	91	129	104	92	111	103	111	97	111	104	115	108	117	102	131	97	112	80	112	126	98	94	126	126	118	114	122	124	113	96	115	103	130	118	101	111	107	110	102	98	89	116	100	89	102	101	136	124	104	111	106	103	104	93	125	104	101	106	111	120	106	99	93	95	113	134	131	92	96	103	114	117	94	124	133	118	97	122	121	86	125	129	109	91	110	124	104	115	119	95	88	100	113	105	97	96	96	106	118	99	103	107	110	108	102	108	113	115	123	116	119	132	108	94	83	129	115	112	95	106	104	136	95	108	120	124	102	124	119	103	111	91	101	97	101	98	118	106	114	97	105	97	104	95	115	113	108	112	119	100	106	81	135	118	106	131	114	98	127	137	92	111	109	114	130	106	106	107	115	117	108	107	111	101	102	119	108	111	117	119	118	108	123	102	128	123	94	100	103	112	74	113	107	113	115	107	125	116	129	113	117	111	133	91	109	129	130	132	119	111	103	103	101	104	96	105	97	120	107	128	113	113	102	115	116	110	124	106	128	101	126	123	113	102	93	108	81	106
cell7	112	91	92	80	92	95	109	73	99	109	97	119	113	111	95	72	92	107	110	98	78	101	98	84	117	104	108	106	112	111	124	125	116	104	94	103	86	121	113	108	93	123	98	102	111	100	108	89	107	102	112	105	101	104	96	112	97	128	115	127	115	86	100	111	98	108	88	109	98	114	110	102	103	109	99	105	107	98	95	111	84	111	108	92	92	98	109	109	87	90	95	135	93	90	99	105	89	92	100	89	98	103	105	96	73	97	107	108	103	111	115	113	101	105	110	117	90	109	89	93	101	103	105	97	120	115	98	118	122	107	106	122	125	88	100	84	125	87	117	120	94	108	104	117	101	104	92	116	113	85	109	107	120	107	99	89	126	106	100	107	107	99	105	101	93	112	88	94	111	110	98	98	91	107	102	99	106	123	91	111	126	91	111	85	96	107	101	106	106	98	115	90	101	96	90	97	123	90	106	112	106	100	107	110	101	117	108	110	121	108	92	125	125	109	82	95	111	93	99	106	99	113	92	93	111	89	109	100	116	112	122	112	104	118	99	125	98	110	112	116	106	108	112	95	67	85	65	70	95	71	59	78	61	88	63	75	76	57	66	71	70	63	68	52	60	84	64	76	57	74	72	76	64	80	78	75	63	72	59	47	74	61	68	75	64	70	76	64	54	78	61	67	68	73	76	80	61	75	54	62	68	82	68	73	69	68	68	74	83	70	65	78	69	64	81	85	68	66	50	61	63	61	66	61	65	67	73	76	60	79	64	82	64	72	78	58	65	69	68	70	72	64	87	72	71	70	62	84	66	68	74	63	78	64	58	71	67	63	66	68	63	78	61	52	76	73	72	83	96	76	67	65	81	73	62	70	76	58	68	73	61	78	75	68	76	82	65	66	59	60	56	72	60	65	60	56	75	55	83	57	68	73	74	57	72	84	64	59	74	80	66	72	76	81	77	85	69	81	78	72	75	73	70	63	74	59	71	67	63	64	84	75	59	60	58	54	40	67	52	64	72	70	73	64	69	64	81	68	68	76	69	84	70	75	78	64	78	62	73	83	59	52	69	62	68	74	60	90	71	84	72	69	60	73	68	64	59	68	77	73	80	66	73	55	73	72	72	66	70	63	82	64	70	70	68	57	62	49
cell8	116	141	113	146	110	112	136	96	122	111	134	135	129	124	108	118	125	134	131	120	147	113	123	139	131	132	133	129	124	121	137	136	143	115	124	147	133	127	144	113	125	112	131	117	131	118	120	124	120	127	142	115	121	112	127	135	98	138	129	148	137	145	136	115	124	121	114	112	125	134	129	130	148	118	108	94	119	111	139	133	142	112	128	119	120	131	140	118	140	124	131	132	124	116	135	123	130	114	108	130	141	100	141	124	132	115	123	127	141	108	123	116	122	114	134	133	128	142	114	125	114	121	139	112	106	140	109	155	123	105	126	132	131	123	137	113	140	131	129	120	137	124	140	118	132	121	122	124	118	112	120	130	113	113	131	106	130	157	143	129	127	125	136	116	125	122	113	162	143	125	137	116	129	117	135	136	130	120	128	143	123	122	137	116	114	118	121	124	129	133	128	120	112	121	142	145	128	125	137	132	131	101	126	137	120	117	138	122	141	113	113	99	136	115	137	109	129	107	127	132	121	127	129	119	109	149	128	148	134	134	119	151	139	123	120	140	97	137	123	108	135	138	158	112	77	96	76	90	109	91	96	72	90	86	71	101	88	86	68	78	82	90	59	89	70	79	78	97	86	76	82	94	84	88	89	70	79	84	73	100	66	86	84	75	59	86	78	82	88	86	82	95	88	73	80	93	79	88	71	86	90	80	79	89	79	88	101	84	82	90	82	78	75	69	85	85	65	85	85	85	78	92	72	76	76	97	69	101	88	79	72	83	90	93	75	73	79	89	78	80	91	64	94	82	72	88	80	78	102	85	74	71	71	99	80	80	77	86	75	78	79	75	70	83	79	68	78	87	91	82	95	82	81	79	84	83	88	88	83	80	101	93	79	80	86	92	79	82	103	74	77	70	86	85	87	99	84	74	89	92	73	64	65	74	77	89	77	81	84	77	85	89	92	70	82	92	86	68	88	97	98	68	76	88	109	83	100	98	78	76	76	78	88	84	95	68	70	85	80	88	73	83	98	90	78	97	87	77	80	94	78	80	87	107	81	95	86	83	69	89	109	84	80	90	99	95	88	105	78	86	94	89	56	83	82	78	71	84	69	81	70	67	84	78	72	75	92	72	79	99	80	76	99	91	77	82	87	65
cell9	144	158	180	168	138	145	166	142	157	135	157	162	145	151	139	124	130	161	142	170	140	181	173	156	179	181	161	168	142	148	180	161	186	120	140	161	161	137	186	155	148	113	175	144	172	153	153	136	148	157	146	159	163	165	147	165	148	162	166	177	153	147	169	175	167	136	157	155	145	149	161	158	162	171	155	144	145	161	140	171	131	171	154	150	151	135	172	148	157	186	140	160	145	152	139	146	131	152	149	154	159	150	165	147	138	140	165	166	155	171	166	197	153	146	177	159	170	156	131	157	115	147	132	148	155	156	120	180	174	140	151	170	155	126	149	138	180	134	151	157	142	159	169	155	164	168	174	162	162	159	169	113	150	162	149	160	158	162	161	179	168	157	147	155	145	180	146	166	159	176	134	153	139	155	154	160	132	175	170	181	151	125	149	141	163	173	159	154	136	157	146	156	152	131	164	152	151	143	156	159	167	151	180	177	141	149	182	187	172	183	164	176	171	108	135	159	159	132	160	180	152	144	153	166	138	146	164	166	154	139	169	164	174	153	160	165	127	140	163	161	176	180	163	159	107	116	115	124	110	108	90	132	101	110	112	114	107	83	115	111	107	103	128	93	112	116	90	108	102	94	99	96	85	90	92	91	94	121	119	115	107	111	87	107	111	99	105	104	109	79	104	100	117	95	95	100	110	106	108	82	112	89	117	116	106	102	99	86	110	115	104	95	95	78	106	118	98	107	103	102	88	124	95	99	97	97	104	109	107	106	112	97	107	120	92	88	103	117	104	85	114	89	103	104	104	107	121	98	102	132	108	90	80	107	92	113	91	95	115	92	109	108	114	81	109	95	106	94	101	111	108	104	101	86	92	129	96	103	104	97	116	95	109	127	124	133	97	130	102	86	107	113	84	107	88	97	95	100	110	94	117	98	100	95	96	93	104	114	100	105	135	94	93	81	107	95	110	114	119	107	106	93	106	97	111	95	97	102	119	118	108	98	103	96	94	102	104	95	108	112	84	116	84	94	96	109	102	99	109	93	89	126	103	101	90	106	99	89	103	108	115	93	92	111	99	108	114	117	111	105	105	119	98	96	84	110	86	88	93	120	94	90	99	109	112	119	112	87	109	120	90	102	109	108	107	96	79	117
cell10	154	155	140	138	134	138	154	145	153	138	146	176	157	166	139	127	148	155	151	142	139	151	161	146	127	134	149	173	135	124	125	160	153	131	153	133	139	131	169	142	140	119	150	159	148	161	132	150	168	133	158	136	130	147	143	155	149	164	143	158	144	134	169	161	156	127	130	171	144	138	153	132	171	156	124	130	141	137	149	161	137	156	144	144	157	145	184	130	148	143	133	142	133	123	147	179	124	133	136	138	141	138	154	136	130	127	156	155	126	155	157	149	146	151	162	132	149	146	139	146	142	126	139	116	180	149	175	161	140	146	159	163	143	136	158	144	156	146	150	139	167	164	146	154	141	139	157	155	126	143	156	129	158	157	136	122	149	128	149	148	156	146	173	144	157	171	143	135	153	145	149	147	141	145	131	156	135	140	123	152	160	133	126	140	136	141	129	139	164	149	134	148	149	137	167	140	161	127	138	144	139	144	159	160	112	144	158	150	139	141	130	142	152	148	137	129	142	145	125	135	159	137	145	129	150	150	160	122	160	163	173	140	167	141	139	135	150	161	114	142	177	151	170	145	79	85	92	106	98	111	89	93	72	107	97	99	92	89	107	86	92	113	90	91	115	109	92	114	102	116	115	86	88	118	93	93	112	88	96	100	96	118	98	102	93	85	87	87	106	82	88	106	79	96	112	97	89	103	82	85	105	83	105	105	83	82	109	109	88	107	104	102	103	78	101	108	71	107	83	82	87	98	99	94	79	93	96	87	93	86	101	90	84	92	87	111	104	120	94	101	103	101	113	96	104	102	117	106	100	93	90	94	92	82	77	95	77	106	107	103	99	115	100	93	77	95	84	88	102	98	103	101	90	91	111	115	105	96	102	115	113	119	105	107	105	87	97	102	113	91	95	94	98	98	83	81	112	105	77	83	94	107	103	94	107	82	85	90	91	109	89	100	89	86	91	88	88	89	96	113	95	92	106	107	83	88	91	113	97	111	88	113	113	104	95	86	125	96	88	93	99	110	95	91	94	101	116	101	97	99	77	117	79	112	86	115	100	76	100	101	91	97	83	102	107	102	95	110	93	122	94	90	108	93	110	112	67	108	104	116	88	95	99	111	87	108	98	76	85	117	106	84	100	91	96	89	93	119
cell11	102	93	89	101	94	80	81	92	93	87	73	77	95	101	90	62	81	96	102	94	66	89	91	64	79	95	81	102	97	85	80	106	83	85	80	80	100	92	98	76	100	84	80	77	99	92	84	129	130	133	138	124	129	137	116	128	159	144	114	137	140	126	123	147	136	103	136	130	117	127	133	138	123	119	115	96	88	85	89	115	76	51	46	44	47	38	58	40	42	33	86	101	76	75	91	71	80	74	84	85	87	73	85	81	73	83	74	96	75	97	83	93	97	95	70	81	94	81	101	104	89	97	78	86	83	86	81	107	109	87	85	95	93	84	104	102	96	80	95	88	95	86	95	85	99	87	86	83	107	76	90	79	76	90	107	83	85	74	88	98	106	91	85	87	98	95	92	103	89	97	90	80	84	79	97	101	75	79	102	110	94	85	81	88	69	101	106	84	101	77	64	93	93	86	106	76	92	98	93	95	96	81	95	92	92	81	92	108	90	79	93	110	87	75	72	92	71	86	78	96	80	80	95	72	75	93	98	107	97	81	105	84	90	71	76	94	93	71	93	90	99	106	90	92	104	102	93	89	104	87	102	90	96	97	85	89	70	80	91	65	78	98	89	73	91	103	80	91	95	102	92	92	79	88	92	91	94	98	114	96	84	76	107	81	77	73	82	106	101	84	87	112	104	92	77	88	88	95	69	95	73	74	76	86	86	86	122	96	96	114	93	87	64	74	102	108	100	75	88	98	90	87	81	73	74	82	98	87	87	91	98	100	81	82	82	88	96	92	90	70	100	101	89	89	80	76	85	82	104	93	67	74	83	87	82	86	89	85	82	74	80	105	86	74	77	85	86	100	83	88	84	97	89	95	78	99	69	91	86	95	85	84	101	81	88	103	110	87	99	87	96	101	94	89	98	84	92	115	92	93	90	79	102	87	100	88	87	80	102	90	103	88	93	99	100	106	91	80	101	102	84	86	83	100	80	80	82	80	75	82	91	78	94	89	78	91	87	86	75	91	109	103	97	81	92	118	106	93	76	81	93	85	96	81	82	96	92	57	72	93	97	68	91	80	91	102	82	84	92	96	95	83	75	82	103	109	86	84	88	107	75	68	78	100	92	105	86	86	86	92	88	90	84	89	97	79	96	85
cell12	135	133	154	136	118	176	142	133	152	133	145	122	151	153	144	129	118	128	158	138	153	162	139	141	152	134	149	130	128	149	115	155	161	132	126	116	158	132	166	139	170	139	132	145	129	165	120	153	122	149	143	151	129	128	136	153	146	170	149	162	140	135	143	174	144	137	120	148	158	130	155	129	148	143	140	128	132	147	115	150	109	165	137	143	151	128	159	152	140	136	145	154	140	133	136	131	121	140	124	132	144	130	126	144	133	123	115	159	117	132	148	141	134	135	144	118	161	125	137	147	120	143	152	130	156	151	110	151	114	164	171	142	165	117	134	158	146	133	137	148	139	127	154	128	158	135	132	169	160	146	134	119	142	136	143	138	120	128	105	130	125	129	170	133	160	143	124	146	144	177	159	136	118	159	153	126	129	113	153	145	156	132	132	130	128	148	121	144	138	149	114	156	130	134	132	147	137	141	129	133	166	127	136	136	124	131	124	143	165	130	145	127	170	128	143	126	142	145	118	133	158	138	128	120	149	138	173	134	143	97	147	136	144	133	120	144	124	133	119	146	126	172	143	138	89	85	86	79	84	115	95	82	88	101	113	92	108	82	88	82	93	109	101	89	93	119	86	90	96	86	90	102	79	111	111	78	89	86	87	95	90	88	102	77	92	87	97	87	104	95	89	91	80	89	93	86	85	96	91	91	95	79	92	77	83	96	98	79	102	101	102	73	92	81	103	90	85	105	95	86	93	85	84	62	81	91	89	97	95	95	107	97	87	108	110	113	87	106	82	85	97	94	96	90	97	97	100	76	95	76	78	91	100	91	95	77	95	92	92	96	99	95	110	79	99	101	91	86	95	90	96	93	72	92	87	98	83	92	102	81	80	93	98	81	88	95	94	98	80	89	97	108	73	93	105	82	85	87	91	94	95	72	76	86	90	105	73	103	88	85	122	85	103	84	93	132	97	112	97	92	93	87	98	81	103	91	93	91	83	81	77	104	109	95	88	90	100	72	79	96	92	94	94	98	106	100	96	82	93	80	90	93	95	99	84	98	95	77	102	85	99	78	100	76	93	99	87	116	96	96	101	103	81	105	88	78	100	83	97	106	84	87	79	87	95	92	110	96	96	92	112	91	93	102	94	91	89	82
cell13	93	76	91	93	78	82	94	94	93	80	97	68	73	90	70	95	88	88	88	80	94	94	88	83	92	96	84	109	85	76	94	115	106	96	90	83	79	98	102	101	97	84	88	85	94	98	84	82	99	95	96	84	84	98	88	98	89	87	103	115	81	103	91	100	100	77	69	81	84	92	79	108	82	102	84	90	78	85	77	82	86	91	111	96	85	93	113	102	92	127	81	104	95	84	98	85	69	81	87	81	73	84	82	86	76	84	83	96	77	71	98	111	100	72	96	88	83	81	86	97	79	91	81	89	98	97	84	90	78	99	104	84	90	81	99	111	94	84	99	98	85	97	98	97	81	87	71	93	75	101	84	92	77	92	82	82	80	93	94	91	98	96	104	95	81	99	66	102	81	107	84	89	66	92	81	96	74	97	89	105	76	66	83	82	84	96	92	82	103	68	82	100	101	85	83	76	107	82	78	71	89	95	101	112	81	108	111	92	96	90	95	93	113	75	92	90	73	79	96	98	96	84	91	90	94	100	79	67	87	103	98	98	104	87	89	86	77	79	79	97	96	95	104	82	89	73	72	107	96	95	88	94	88	89	81	82	72	86	85	89	80	101	92	82	88	88	81	98	82	87	79	79	90	61	93	82	84	101	86	87	89	79	106	75	86	78	85	102	91	77	89	84	88	70	102	93	98	91	110	92	88	92	96	100	98	103	97	74	88	70	105	82	84	78	105	81	94	99	68	85	81	77	89	73	73	77	96	82	88	97	82	78	89	94	73	93	95	101	89	78	95	87	93	85	86	86	93	91	95	110	90	94	91	91	89	77	82	79	58	112	80	81	94	101	85	91	104	91	101	94	97	95	73	87	96	92	85	99	89	83	81	106	79	103	77	99	94	87	86	90	83	99	80	90	71	85	84	78	87	95	97	84	79	90	81	90	66	87	89	86	86	96	91	92	69	89	85	83	100	110	95	82	95	68	69	67	84	99	72	89	93	102	80	76	75	77	76	74	85	94	99	92	97	101	93	93	95	99	89	85	92	91	83	92	91	92	106	96	79	96	91	75	95	84	83	96	95	95	75	95	91	79	81	84	75	78	70	100	86	102	78	82	80	85	106	87	93	94	83	96	81	104	90	87	79	69	72	70
cell14	145	143	166	151	138	133	154	126	176	139	136	151	142	201	156	133	132	131	171	142	132	134	131	163	139	149	147	173	167	150	172	166	159	186	140	127	150	155	165	153	156	136	128	159	143	139	141	180	161	152	160	134	160	144	148	157	158	157	138	184	161	179	171	147	161	147	125	149	138	152	160	160	173	138	136	134	150	133	164	175	126	139	154	147	167	160	165	139	186	190	150	143	152	137	135	134	146	148	148	136	147	143	151	127	161	143	158	160	159	147	180	186	145	118	151	134	180	146	142	167	116	144	164	151	166	161	144	174	170	133	154	149	142	121	164	156	169	146	151	134	123	154	180	163	144	171	141	152	156	138	163	142	134	161	159	140	151	148	157	168	134	145	168	138	146	144	157	146	152	162	154	114	132	176	130	168	146	170	159	147	157	134	145	156	149	142	129	146	156	167	146	152	141	168	162	141	162	148	144	166	156	147	156	176	132	167	155	165	133	139	155	140	179	120	147	132	166	149	154	185	151	134	139	135	153	159	137	161	130	139	164	162	149	160	153	141	142	153	171	164	131	172	173	145	112	104	98	109	105	85	92	107	93	108	115	107	105	99	99	97	99	111	98	91	111	98	95	121	96	120	93	108	88	93	133	109	117	107	97	116	85	98	85	84	97	114	100	90	94	108	90	89	99	90	105	108	99	108	92	110	87	111	92	96	103	114	102	103	110	103	95	91	84	72	115	102	104	129	104	106	78	97	107	90	103	109	93	96	92	102	94	80	91	111	104	96	116	113	107	86	119	111	128	114	117	82	113	108	113	103	98	94	76	108	107	101	92	99	89	99	98	103	97	112	105	99	95	105	98	100	96	119	101	109	104	97	103	93	99	95	113	98	110	107	104	111	129	88	100	105	92	95	98	106	90	92	85	90	101	107	75	106	100	101	96	115	89	92	75	113	125	97	102	102	88	109	102	97	103	112	104	88	98	112	96	91	92	126	98	103	98	109	107	118	100	104	105	93	109	82	99	97	110	105	112	87	97	90	82	98	104	99	111	110	106	96	88	91	79	94	97	101	111	105	93	106	108	111	92	111	113	102	94	80	107	96	98	86	90	130	97	85	104	110	108	104	104	96	78	106	99	97	103	90	99	80	102	92
cell15	142	150	151	151	134	132	163	133	134	145	155	140	171	167	158	147	141	160	152	154	133	140	136	160	174	146	155	154	160	153	143	149	149	163	138	165	170	171	173	168	124	142	148	147	156	136	136	143	169	144	135	127	154	130	112	154	147	162	164	158	159	140	155	143	140	149	147	125	147	122	160	144	162	158	124	149	135	137	142	185	136	144	148	154	147	160	160	156	145	147	171	162	128	136	147	152	139	138	149	146	141	145	135	138	141	148	121	150	119	126	153	170	162	144	149	148	143	150	127	155	135	138	142	143	158	149	123	162	154	130	147	150	151	131	165	137	144	150	145	148	152	129	141	136	133	136	162	171	132	140	156	141	127	148	128	155	160	158	149	154	156	156	201	132	159	153	128	137	174	141	154	153	135	143	155	152	161	147	142	169	137	136	112	160	166	171	124	159	149	142	133	163	146	155	163	146	154	155	128	168	158	139	148	138	141	145	134	166	162	117	153	161	164	152	150	134	135	137	139	162	142	133	149	135	138	170	141	147	142	140	157	163	174	121	135	118	138	150	155	139	158	149	177	144	158	152	158	153	177	142	159	130	146	168	163	169	167	176	135	158	143	170	179	119	171	153	128	186	166	147	134	129	149	133	159	158	164	139	167	150	138	139	163	137	135	147	151	151	143	158	162	138	158	144	145	141	136	148	152	128	154	146	120	166	152	145	161	155	161	133	157	164	151	160	150	164	120	155	143	139	148	154	155	134	136	135	158	139	145	134	153	147	142	141	148	139	137	147	147	146	157	144	183	148	163	149	133	143	169	140	140	145	158	163	115	167	157	156	144	154	137	154	157	138	162	147	149	143	146	153	161	140	156	145	132	167	150	154	160	148	166	179	143	149	127	158	159	136	145	138	147	161	130	131	149	133	126	162	151	155	145	149	162	157	117	163	125	154	152	171	168	143	134	133	146	164	144	148	141	146	157	129	163	141	162	139	146	146	138	145	147	131	138	158	124	135	132	129	171	142	161	152	136	135	163	167	157	151	153	143	129	194	159	159	148	136	160	127	161	171	143	157	163	131	143	157	167	172	158	154	145	183	144	153	152	132	139	138	133	158	139	149	132	134	162	150	167	128	136	151	150	143	138	140	164	129	150	154
cell16	63	73	67	63	66	59	65	60	73	68	63	69	83	69	60	63	60	72	74	56	76	66	78	56	73	63	60	72	80	63	66	79	76	74	45	71	59	61	81	73	53	68	60	72	80	63	76	69	60	61	76	42	76	71	68	73	62	79	68	78	69	64	73	69	60	67	62	73	81	77	71	70	73	71	76	63	61	64	50	66	69	67	71	68	78	71	73	71	74	76	57	82	68	64	61	63	56	79	59	58	67	65	68	46	67	53	60	74	66	58	57	76	84	72	60	54	85	70	73	62	65	75	66	68	72	68	56	87	73	63	81	68	60	65	79	73	59	68	61	71	75	89	69	70	60	59	62	75	74	67	78	77	69	64	69	84	68	74	76	69	71	51	70	66	80	69	80	83	70	60	91	73	60	76	59	51	67	68	70	79	71	59	52	69	81	74	78	64	63	62	76	71	74	63	81	59	76	67	70	71	67	57	66	78	86	62	66	79	75	67	75	72	79	58	68	82	81	64	60	63	70	66	58	72	64	66	69	58	76	75	77	54	72	66	73	67	60	63	70	80	64	69	61	74	48	53	37	54	43	38	52	43	52	43	44	46	41	41	39	42	44	40	43	42	42	53	37	56	46	42	39	40	45	35	36	52	43	45	55	39	39	45	58	53	45	38	45	34	37	47	46	55	38	42	43	38	56	49	49	46	37	37	45	45	44	53	43	53	53	37	38	36	46	45	48	60	40	45	46	44	44	43	51	39	34	43	53	47	38	37	39	40	51	44	51	45	44	62	47	45	50	41	48	46	45	42	57	41	41	38	28	49	55	46	38	64	41	35	37	44	38	49	54	42	47	49	50	37	41	48	49	35	42	36	47	38	53	36	43	39	41	48	63	56	39	54	54	43	34	42	49	40	45	60	46	38	45	47	46	53	44	50	37	41	45	45	37	48	46	44	49	43	42	37	31	56	50	43	40	51	49	40	40	42	43	42	57	44	45	44	52	38	46	30	51	36	45	48	53	49	46	52	45	49	47	42	45	54	44	38	35	45	38	45	45	41	47	37	50	50	40	43	41	39	57	58	58	48	28	38	34	51	37	53	51	58	38	50	43	43	43	44	50	44	47	54	42	39	40	47	44	62	38	48	42	47	26	37
cell17	164	136	147	138	143	124	130	147	130	116	135	146	154	143	132	133	126	130	145	122	121	126	113	129	131	138	135	110	137	137	148	129	152	134	134	130	149	146	135	134	146	133	141	147	138	121	133	134	125	142	121	113	122	145	127	140	148	140	132	166	139	124	142	145	144	127	144	121	103	129	129	134	120	150	128	129	142	134	148	164	125	134	124	133	127	146	170	159	126	159	157	134	139	126	141	95	122	137	136	118	143	122	117	119	113	135	134	149	147	116	139	154	137	125	132	122	154	132	132	132	136	112	127	109	144	162	149	148	129	144	141	139	129	119	141	131	137	127	124	148	153	139	146	148	144	111	126	145	143	118	156	107	135	139	124	133	132	126	134	146	129	137	143	144	108	178	126	135	128	181	127	125	131	131	146	128	116	117	132	144	128	141	139	125	144	142	133	132	145	132	135	151	123	121	148	135	131	123	149	120	149	128	155	160	124	147	141	167	152	146	152	150	125	128	153	115	169	115	137	129	122	125	122	131	114	102	139	140	125	136	140	159	121	161	129	139	122	120	125	148	152	150	151	132	99	86	90	97	104	101	79	77	75	94	105	95	84	94	86	90	87	84	97	96	104	101	77	97	92	99	64	99	80	91	116	95	91	81	84	101	93	83	80	90	100	79	87	90	85	80	100	102	114	95	92	81	94	99	97	106	88	97	88	105	85	88	97	96	80	84	71	93	97	93	98	101	83	102	96	98	88	85	87	63	71	94	90	113	107	100	102	98	77	80	97	75	82	93	81	73	84	89	103	95	91	89	86	97	88	79	78	74	89	93	80	86	80	93	88	93	91	87	101	76	79	84	95	103	96	81	88	86	88	94	90	70	88	96	81	84	88	91	107	100	78	108	107	91	87	82	82	79	76	94	75	92	84	93	94	96	89	78	93	75	97	100	86	92	88	92	93	96	86	76	104	109	97	104	77	88	97	80	82	101	93	83	89	95	82	83	96	74	96	78	81	88	98	83	90	84	87	90	99	86	90	114	87	87	80	74	88	105	84	100	96	71	95	95	87	90	85	89	84	97	83	108	91	106	91	84	88	87	71	86	81	109	76	79	84	94	92	76	78	79	104	93	102	74	97	91	106	114	87	90	94	84	83	80
cell18	171	130	149	153	135	168	132	159	140	155	154	147	165	132	159	137	140	146	165	157	153	139	144	140	150	147	178	182	172	145	140	161	169	164	159	150	144	150	166	143	141	139	140	147	142	141	156	156	169	131	161	147	145	156	146	141	153	165	162	172	159	153	143	175	154	151	178	138	146	142	153	157	154	137	159	154	181	155	126	148	154	154	138	152	148	150	138	163	150	156	168	165	121	148	151	136	147	148	150	144	139	113	165	135	142	123	162	161	138	161	157	144	146	119	146	155	148	155	138	147	131	139	134	145	137	150	151	166	124	153	162	174	173	145	135	136	161	160	137	164	133	149	148	152	149	179	143	175	145	135	155	185	133	153	165	151	137	181	135	156	153	143	166	138	158	154	139	152	159	166	129	142	138	151	155	166	129	143	142	176	176	139	159	140	144	155	137	161	158	139	131	163	131	155	155	152	180	138	131	149	151	139	172	175	165	178	161	165	158	153	143	157	155	146	161	142	159	140	133	140	127	152	157	163	144	131	163	142	149	146	184	178	166	158	138	164	158	141	153	141	169	165	176	132	99	121	111	106	80	138	112	101	103	103	116	95	93	75	84	112	115	120	91	70	105	118	91	82	97	91	91	88	103	110	126	106	108	96	92	97	107	67	111	88	87	112	99	102	94	71	100	109	102	98	98	130	104	98	103	98	101	111	82	107	109	84	115	84	96	88	106	82	105	101	107	90	85	103	95	92	103	103	104	94	101	73	114	111	106	104	94	105	97	84	88	108	98	116	97	80	100	108	117	87	89	105	97	115	111	114	99	100	96	89	110	93	105	105	94	95	110	108	92	96	96	85	81	90	112	84	111	111	102	106	109	93	103	103	97	91	102	98	99	110	102	85	106	101	107	91	91	112	105	101	84	89	96	84	97	108	113	91	119	106	92	108	113	88	85	115	92	92	82	94	115	111	118	103	101	133	92	102	119	85	101	109	91	99	104	75	113	90	91	95	103	82	94	91	89	94	100	122	115	96	89	101	95	104	111	89	84	110	102	124	105	113	111	87	107	114	78	85	118	88	100	127	102	133	83	95	110	124	90	92	96	98	115	99	97	129	78	105	94	79	90	115	126	113	99	136	109	111	117	116	104	84	84	87
cell19	176	149	152	146	140	142	165	143	159	161	158	162	154	166	145	150	161	158	164	151	154	153	183	146	160	158	158	153	145	168	165	149	157	172	155	150	162	153	175	159	152	172	170	166	168	146	176	163	125	164	155	132	156	148	139	175	162	164	155	175	153	172	174	176	148	151	164	175	168	128	169	145	179	155	153	163	169	153	117	163	176	175	193	167	174	166	197	159	179	169	125	178	162	154	151	139	141	147	147	184	172	151	160	160	147	142	156	159	162	156	172	174	158	146	157	156	180	152	146	141	141	146	164	147	166	159	173	182	173	137	148	168	179	152	169	166	196	159	160	167	155	150	143	157	150	160	163	150	167	155	169	160	142	181	170	143	158	171	144	178	152	167	172	156	171	172	145	161	134	179	158	138	156	177	130	147	152	174	151	200	176	141	161	135	144	149	144	162	146	141	139	165	160	172	175	168	171	165	142	171	156	135	171	151	142	161	157	193	172	164	157	164	167	162	155	134	154	151	151	157	138	145	152	152	157	151	155	171	165	148	189	164	157	161	150	148	133	158	150	155	190	163	196	167	120	116	86	120	101	99	108	103	101	117	102	93	105	101	101	115	107	110	110	94	94	103	88	108	112	109	105	108	89	105	107	108	128	100	94	124	118	92	109	109	117	91	104	115	121	85	128	107	119	95	92	100	130	108	118	109	93	111	90	118	97	111	117	111	117	88	102	87	107	100	122	119	104	124	111	92	91	95	113	105	100	122	114	107	88	96	102	127	101	109	114	104	88	125	105	81	118	100	121	89	91	101	103	99	120	93	95	98	109	102	102	113	114	100	95	97	115	101	105	91	119	119	130	109	124	91	106	108	119	98	96	113	113	119	111	100	116	116	104	112	90	101	113	120	97	96	113	99	109	95	107	107	107	121	81	116	111	86	95	116	121	107	110	96	109	110	110	94	96	96	98	103	109	107	104	100	91	112	113	107	124	101	101	114	98	103	107	106	104	116	106	111	84	91	85	117	107	93	109	93	118	111	95	93	100	120	103	104	113	114	105	94	102	83	101	83	114	112	103	103	89	117	105	115	102	102	95	113	116	122	96	108	82	107	96	103	84	96	101	95	125	90	111	93	90	96	109	126	114	86	99	91	81	116
cell20	100	81	84	86	73	67	91	101	78	73	83	72	89	86	97	86	102	82	97	88	73	90	87	89	81	95	89	85	103	90	89	84	103	87	85	75	91	104	91	88	88	92	100	82	64	87	94	88	76	94	86	88	85	89	86	95	105	80	89	88	99	87	92	98	98	91	96	86	75	101	92	97	85	95	100	93	92	88	82	98	73	85	91	81	77	84	108	75	77	82	79	82	84	57	74	57	76	101	85	81	82	83	89	77	74	85	81	88	86	101	85	83	91	74	71	67	115	72	88	81	78	67	72	81	98	97	72	110	94	76	79	108	91	79	96	98	82	81	78	90	79	71	79	85	91	85	97	91	90	81	83	94	70	84	85	91	86	92	92	90	80	85	103	94	98	98	65	73	107	96	82	75	78	74	75	84	79	86	73	91	72	91	91	86	93	101	108	100	83	83	79	101	83	79	93	69	107	85	80	94	84	88	75	93	84	90	80	80	96	83	72	91	97	76	79	98	66	71	90	90	77	75	94	79	71	83	93	88	93	80	100	81	94	89	83	84	84	91	78	65	93	83	91	93	103	84	78	103	109	81	89	89	84	96	106	83	91	96	75	91	74	99	78	85	87	94	70	82	68	79	89	90	81	83	104	81	90	93	89	91	87	69	96	107	89	91	82	66	78	84	78	73	83	74	98	89	84	93	95	83	97	82	85	83	77	85	82	90	89	89	107	71	95	89	87	91	83	88	102	90	87	79	91	83	81	81	91	79	84	85	76	90	67	81	96	71	74	87	89	63	73	84	100	80	81	77	92	86	95	101	87	97	77	96	100	85	87	74	104	88	75	86	79	80	92	87	72	90	85	92	91	92	87	87	92	93	90	80	82	80	75	85	96	97	82	89	102	92	81	82	87	89	65	75	87	76	86	90	79	87	85	80	87	82	80	89	81	73	81	102	98	79	81	78	93	101	91	90	78	82	77	72	89	83	84	75	86	70	94	72	85	82	77	86	90	64	90	82	97	65	92	96	107	93	101	88	87	75	92	92	66	92	96	81	69	85	83	81	85	81	96	82	79	81	85	100	85	95	71	78	80	95	83	91	81	85	72	99	82	100	73	80	76	96	86	68	78	112	77	86	85	92	93	79	80	73	86	76
cell21	75	80	91	97	87	89	98	65	90	84	86	96	86	85	78	78	68	77	80	92	76	111	91	85	92	84	97	93	89	92	65	96	105	83	85	82	66	89	89	91	67	71	94	89	80	98	83	93	81	88	74	82	83	69	74	102	82	94	91	74	71	95	91	102	101	74	97	104	89	73	70	88	100	92	74	98	71	95	86	90	63	74	82	83	64	90	78	90	90	79	87	94	73	79	93	79	93	89	87	81	85	77	89	73	94	77	80	99	83	84	84	95	75	93	94	89	81	98	86	89	80	77	90	89	90	82	89	102	87	83	66	91	71	92	89	68	93	79	102	98	95	88	98	109	91	77	79	93	74	75	97	82	82	72	94	84	95	107	80	81	89	66	105	84	82	84	94	90	97	84	70	101	81	90	80	79	84	96	90	105	84	71	90	80	94	71	70	92	88	80	82	84	75	82	91	80	102	83	86	84	99	69	98	73	75	103	105	98	82	88	95	86	76	85	94	95	86	75	90	80	74	82	82	78	94	91	82	67	106	90	100	82	99	77	108	82	78	81	84	88	76	76	82	75	62	73	66	69	71	59	60	54	45	62	62	56	56	63	62	54	53	40	58	48	72	53	46	67	63	53	51	64	65	41	63	59	53	56	48	62	56	61	60	44	57	50	54	61	51	57	53	58	70	58	48	64	61	58	53	59	45	49	50	80	53	48	63	57	42	64	47	52	65	58	56	79	53	52	58	67	55	62	47	70	44	65	63	66	47	62	69	68	51	59	48	66	58	66	54	43	62	52	59	53	61	57	57	72	55	43	54	54	70	53	59	63	65	59	57	61	56	57	45	45	64	66	47	59	62	64	54	60	55	63	72	59	53	67	62	60	64	67	55	59	74	65	54	44	42	59	43	58	36	53	50	56	57	62	51	53	67	57	51	54	51	53	54	60	45	52	51	48	61	62	55	57	65	36	59	72	54	63	58	60	56	66	55	65	60	65	51	62	49	63	50	65	42	61	48	47	58	69	64	56	61	60	62	68	61	62	61	63	50	67	40	54	70	60	59	55	67	50	66	58	45	57	68	51	48	43	55	76	58	56	58	56	67	49	57	53	47	53	59	58	68	59	52	52	65	44	52	45	61	50	57	59	49	62
cell22	140	150	157	155	157	173	171	146	163	165	162	143	154	179	131	174	145	155	162	178	178	173	168	159	144	162	210	154	162	125	162	163	155	136	152	155	165	146	179	157	166	151	156	182	163	172	130	166	161	148	163	133	169	155	159	147	149	149	164	178	163	140	142	164	158	144	172	161	162	164	152	180	146	158	159	142	180	133	164	173	148	161	163	145	135	160	184	174	195	167	157	191	149	183	157	151	148	166	158	138	148	167	151	139	143	146	173	176	147	148	149	164	159	144	172	182	159	151	138	144	139	157	148	145	170	155	131	175	157	162	159	170	185	157	168	159	187	167	162	151	151	153	169	166	151	160	147	192	158	149	164	142	144	147	179	151	138	173	163	159	179	140	184	138	175	154	128	137	174	180	154	146	135	165	160	133	139	170	163	167	176	155	152	156	168	165	156	157	146	155	145	168	153	157	174	168	173	171	151	161	154	175	185	150	159	172	180	165	148	153	141	143	151	153	154	163	166	126	189	143	154	140	158	159	159	163	142	149	145	171	165	151	159	173	134	154	170	178	154	164	179	164	173	149	119	112	89	113	120	118	92	88	108	99	106	112	116	113	109	98	102	106	120	113	101	121	91	120	101	104	101	122	110	105	130	103	118	117	101	113	127	96	104	106	93	111	110	104	123	98	110	105	104	117	103	124	108	102	109	105	101	99	124	99	110	111	115	125	112	113	106	100	90	99	134	122	89	106	101	95	122	111	119	101	83	102	105	113	92	103	111	115	109	100	123	118	82	117	88	79	145	102	117	109	106	96	114	94	102	119	120	89	113	105	89	111	117	99	100	111	109	113	119	87	106	96	118	112	102	99	128	109	114	94	104	113	94	107	118	97	92	105	112	106	108	118	112	128	112	102	107	108	103	104	98	80	107	109	84	100	120	96	99	108	113	111	97	106	109	132	123	112	106	108	100	116	87	112	92	116	106	102	109	100	118	112	119	102	99	103	96	105	112	93	107	93	116	94	112	109	109	102	117	107	104	120	85	94	99	99	92	114	105	121	86	103	105	86	127	118	100	95	111	110	96	116	101	109	96	113	137	119	110	91	108	93	99	113	95	124	95	98	91	85	117	98	92	117	114	116	120	107	131	92	93	103	97	94
cell23	154	159	182	157	165	151	153	140	168	152	152	171	169	175	164	153	157	191	175	159	148	159	164	134	153	170	157	175	175	170	157	152	157	169	164	155	155	161	177	158	156	171	169	158	158	155	155	258	203	231	229	236	264	236	243	256	256	248	214	266	225	271	231	267	260	237	225	211	211	228	235	254	205	215	215	159	191	147	152	152	150	80	72	83	73	70	80	86	91	101	163	185	154	169	156	147	159	137	162	153	158	130	160	134	157	157	159	176	152	155	160	159	142	141	176	138	174	148	156	155	156	145	142	153	159	169	156	170	157	157	162	143	168	139	184	173	152	138	167	143	130	164	158	151	142	153	151	209	165	157	162	160	154	155	159	167	164	171	148	170	169	167	180	160	143	173	137	158	178	158	164	137	146	145	142	177	128	166	173	164	140	151	169	154	152	143	159	152	178	166	152	174	162	144	169	173	168	184	150	149	150	158	156	187	161	150	174	181	170	152	185	172	166	178	172	132	158	160	150	169	141	154	154	142	155	182	151	177	165	161	177	156	147	159	147	182	150	131	130	161	130	182	152	149	146	178	155	166	198	161	149	143	151	167	149	175	153	160	169	151	146	176	174	140	167	145	138	154	178	166	166	148	157	172	185	150	141	142	153	179	170	159	183	141	164	159	156	163	178	166	144	162	164	155	178	151	170	159	158	143	156	164	165	176	157	153	163	139	156	143	180	142	142	148	163	170	152	133	154	138	175	152	147	149	139	134	197	168	139	149	165	159	150	165	170	157	165	159	160	145	204	155	170	187	170	159	161	161	147	176	154	162	171	162	151	160	164	158	148	169	179	128	157	162	158	156	155	180	184	153	170	170	183	163	159	166	165	155	167	155	167	168	176	169	148	185	170	141	142	146	148	145	172	128	135	144	152	159	152	165	173	128	166	140	164	140	156	153	160	158	163	134	186	140	134	169	151	166	156	168	159	160	181	165	131	173	162	173	142	165	162	116	187	157	154	137	153	131	136	173	148	166	204	146	172	174	154	177	160	158	148	178	134	183	142	169	158	158	177	164	155	153	184	166	158	183	170	171	153	156	160	171	154	169	187	158	145	153	137	170	157	160	144	143	145	149	157	148	144	176	182	161	184	154	157	132	142	146
cell24	51	57	52	56	60	67	60	64	61	47	53	57	61	48	56	72	62	77	77	61	56	47	51	60	75	62	70	80	60	62	77	66	65	63	51	62	78	66	78	57	56	58	60	60	51	66	61	95	98	95	97	105	98	77	84	95	96	106	104	93	98	79	102	87	79	80	111	93	81	101	81	96	96	90	102	66	58	63	54	59	74	27	23	25	26	34	31	29	31	42	67	61	55	56	55	57	60	59	68	71	58	44	55	59	42	56	52	60	61	49	63	85	45	54	45	74	59	44	60	60	57	59	57	73	75	61	56	51	64	63	67	63	67	63	62	58	58	61	72	68	64	44	63	54	53	60	51	72	60	49	59	61	57	60	58	59	64	66	64	74	75	47	70	55	63	57	60	61	70	63	53	71	53	74	59	60	64	68	62	70	73	60	71	50	55	53	66	66	57	76	64	60	64	56	58	61	63	52	74	62	64	58	64	59	60	59	68	60	74	65	71	63	67	57	51	62	65	63	60	77	56	54	60	71	71	64	73	49	54	71	72	77	72	69	57	53	57	49	69	66	57	55	63	69	54	80	56	59	68	56	68	65	63	80	64	46	57	48	56	61	61	52	50	65	68	67	48	56	63	77	59	63	75	64	70	63	54	62	55	59	62	51	70	52	63	50	61	57	64	44	54	66	76	53	60	67	62	58	54	55	61	76	43	53	71	55	72	50	64	65	58	48	68	51	67	56	54	65	54	44	59	56	64	63	64	73	53	46	53	57	60	75	69	59	52	59	76	71	64	53	69	65	62	75	64	71	66	68	67	57	62	63	69	56	65	52	45	56	58	65	56	57	56	66	52	55	71	65	63	59	85	50	55	56	69	62	57	70	67	54	65	63	55	63	57	52	46	58	56	71	57	64	46	63	54	51	63	67	65	68	64	52	65	58	59	69	61	72	61	70	67	64	50	59	51	80	63	57	64	61	54	56	63	52	65	51	47	49	61	57	60	44	53	65	59	48	57	52	58	67	57	74	60	53	62	60	54	47	74	60	57	69	63	76	61	62	53	53	51	66	52	54	61	55	56	67	56	67	61	46	74	57	64	61	73	65	60	66	60	72	48	64	53	58	74	60	70	67	58	65	67	80	54	72	55	54	63	57
cell25	146	119	103	125	107	121	123	123	132	134	140	101	132	111	122	108	117	123	145	118	125	122	139	123	117	110	127	127	123	115	126	129	128	148	122	111	125	134	158	134	133	134	127	125	141	135	113	109	119	118	144	120	113	106	120	118	124	125	130	132	131	147	131	131	115	112	113	123	125	119	126	117	132	134	129	142	129	136	113	130	138	127	117	127	111	109	136	118	135	133	128	150	122	117	109	121	126	124	124	104	113	110	140	102	134	104	122	128	109	110	124	125	121	114	139	96	137	134	111	125	121	122	119	115	119	111	118	131	131	105	116	129	150	133	125	116	121	102	126	126	135	113	121	127	116	116	111	137	143	108	131	120	116	129	123	102	120	131	122	113	138	114	153	121	125	125	115	134	135	111	134	101	99	95	136	131	116	106	118	152	137	108	103	129	130	146	136	119	140	116	112	112	118	130	113	129	138	117	109	138	133	116	134	110	117	126	137	145	128	110	147	125	130	112	116	120	124	94	108	126	137	125	112	106	116	115	113	113	122	127	154	132	144	102	127	122	121	115	119	116	146	142	142	118	127	117	101	138	148	118	136	127	127	123	110	125	110	132	122	107	110	120	146	102	147	124	117	125	114	134	121	144	124	125	164	125	106	139	136	131	119	136	140	112	115	110	137	132	132	121	116	138	117	140	111	107	127	121	136	105	124	122	135	126	137	131	141	108	123	127	141	107	136	116	126	148	112	142	124	133	104	122	116	109	127	111	150	139	114	137	114	138	118	127	134	109	124	123	120	114	134	92	134	119	115	128	143	136	112	131	112	116	117	133	120	144	117	129	131	133	121	106	127	101	119	140	125	129	123	125	130	145	114	129	125	140	121	117	128	121	129	120	122	143	128	110	140	116	123	129	124	119	119	128	125	113	121	132	110	123	132	120	126	112	130	124	98	119	131	117	134	122	125	111	111	149	114	120	149	127	120	112	125	135	134	143	138	90	124	113	110	123	131	114	107	114	128	109	124	108	147	106	133	123	127	141	118	122	101	119	128	141	140	130	138	118	138	108	104	134	127	120	157	105	111	150	135	144	121	131	128	113	138	114	121	142	113	105	106	141	115	112	131	115	136	133	116	110	111	136	143	124	126	117	105	129	113	99
cell26	142	147	139	133	138	116	145	128	138	128	120	141	144	138	117	136	117	113	143	136	129	138	129	116	144	135	121	136	140	145	140	127	154	133	132	134	159	142	142	134	136	127	122	158	128	134	130	139	111	136	122	123	131	136	123	141	134	149	127	119	136	122	140	160	138	137	130	127	127	114	141	117	131	137	124	125	128	134	139	161	113	108	127	145	131	124	157	127	140	157	110	140	102	113	122	133	108	129	134	124	119	108	125	127	126	110	141	163	118	121	141	145	141	112	147	113	134	115	102	128	106	133	128	116	122	139	116	139	119	123	107	121	129	119	136	125	138	117	122	145	140	124	149	127	108	124	141	157	133	128	132	130	113	125	140	121	151	149	130	169	124	109	124	141	135	135	117	152	140	146	128	107	122	139	130	103	102	155	141	123	133	96	103	147	119	145	126	145	112	133	133	110	131	125	141	121	138	129	117	125	141	123	127	157	130	124	139	153	140	129	147	133	158	127	136	121	133	129	127	116	137	106	140	120	136	147	145	137	130	96	154	115	137	122	124	132	96	122	145	122	149	127	167	107	96	111	77	92	95	76	75	77	91	92	93	83	91	78	101	86	77	89	92	72	101	98	88	97	78	91	72	75	92	92	104	85	81	82	93	86	74	89	88	83	80	82	93	86	79	85	70	81	87	100	83	83	67	91	90	69	88	90	71	84	88	74	109	65	94	79	91	82	78	81	95	100	68	93	95	84	84	99	85	70	90	78	87	88	93	84	73	97	80	68	93	92	91	80	103	83	99	91	94	94	83	81	97	98	76	84	90	87	100	91	104	81	76	80	78	78	90	72	89	76	96	85	75	80	86	94	103	101	72	92	78	77	86	84	81	81	73	84	96	109	81	105	99	83	82	84	101	93	71	100	79	78	87	97	85	89	94	85	88	75	71	97	86	74	90	102	87	85	94	82	80	113	92	81	91	85	83	83	76	96	97	70	89	97	89	72	82	72	69	90	84	69	77	79	89	93	105	93	86	84	101	102	77	99	90	89	79	82	82	84	82	76	103	61	95	95	86	92	105	93	74	78	98	79	99	87	79	94	83	107	82	98	91	86	67	97	80	105	86	87	102	104	92	89	96	85	90	83	91	87	90	85	83	80
cell27	155	116	124	136	128	124	158	147	140	126	134	151	142	152	150	131	165	129	157	142	132	151	159	163	136	116	139	137	135	130	141	141	144	119	126	157	153	156	163	158	144	139	149	117	145	143	136	151	132	138	130	136	149	148	149	151	127	146	146	129	155	131	150	139	150	148	133	149	123	175	144	134	152	162	134	142	125	121	122	150	146	148	125	131	136	150	139	148	152	153	140	134	145	121	119	112	132	143	136	149	141	111	140	104	166	117	127	157	136	118	150	140	142	141	153	135	155	126	124	149	115	117	120	133	150	155	124	149	117	143	141	153	127	113	140	167	154	141	121	154	157	135	137	143	132	131	139	158	137	145	130	130	134	136	134	117	136	126	162	148	139	131	131	135	127	163	134	109	157	162	128	100	124	162	155	136	152	129	140	161	143	124	155	137	130	151	142	142	143	147	123	151	120	141	146	148	151	133	149	134	158	129	160	143	126	151	163	180	140	143	138	146	149	132	138	144	154	130	119	146	132	119	135	130	143	157	138	142	152	123	165	144	161	130	124	156	151	147	140	141	162	141	155	130	105	103	87	97	114	96	89	106	98	82	92	96	93	97	95	101	86	79	111	91	94	82	82	84	102	95	101	88	67	97	93	90	110	114	85	109	69	82	101	95	81	89	90	91	100	114	102	102	90	87	92	90	70	98	116	83	97	79	69	100	89	99	104	90	97	109	96	93	101	108	98	105	91	100	93	87	103	94	92	82	98	87	105	93	92	101	84	104	79	96	110	88	83	107	83	84	98	79	105	83	91	83	90	75	95	102	86	92	100	96	88	98	91	100	83	81	84	106	105	103	113	93	103	98	97	84	101	93	102	98	93	91	83	80	94	85	106	109	89	94	99	104	98	107	84	77	88	101	107	104	92	87	95	101	79	114	102	84	88	108	99	101	85	101	92	107	98	105	115	96	87	99	96	92	97	103	84	104	105	94	90	88	108	78	103	97	84	84	110	89	103	82	90	103	98	93	89	102	93	104	98	94	86	96	82	93	77	83	85	99	98	79	91	84	92	96	112	87	103	85	77	108	88	104	70	110	108	97	82	83	85	90	86	83	97	89	79	84	72	72	102	102	112	85	80	90	112	92	109	87	81	84	81	74
cell28	104	94	114	85	87	114	104	91	112	113	105	110	108	97	108	93	104	100	136	92	97	113	112	103	104	101	99	110	134	97	107	111	124	114	103	108	96	111	130	108	117	98	102	102	109	102	97	106	104	112	96	89	103	96	107	123	98	123	123	114	116	102	107	101	115	112	104	113	114	107	124	100	112	111	93	104	112	100	98	102	121	101	140	90	116	110	124	100	106	95	114	121	108	88	93	98	90	111	95	106	107	78	98	106	73	85	123	106	104	101	117	125	94	99	105	93	117	86	108	117	87	98	107	110	115	105	109	105	97	105	102	105	112	87	122	86	135	104	109	103	91	100	102	104	96	85	101	114	100	103	125	103	97	106	83	105	97	114	93	113	106	104	113	102	98	111	110	115	129	139	98	100	82	94	104	108	107	105	104	104	89	98	116	101	107	119	109	116	121	101	104	130	107	91	126	104	135	113	87	108	89	104	118	117	109	111	111	115	115	91	103	116	104	82	104	102	100	112	102	119	118	114	93	97	116	114	114	107	111	110	130	111	117	93	123	101	97	107	110	105	108	120	111	105	65	71	59	79	73	76	69	72	67	71	78	78	81	73	82	75	79	73	60	67	77	68	59	67	72	79	79	73	65	67	77	80	65	64	84	49	56	68	69	66	64	64	86	62	85	54	79	63	80	72	79	57	70	57	70	76	55	77	57	70	59	60	73	77	62	66	80	53	75	79	78	85	65	73	61	72	78	86	72	57	80	88	62	60	75	77	69	72	67	76	88	59	59	77	54	48	71	72	88	69	54	63	77	78	64	67	73	69	83	90	67	64	79	60	86	57	62	68	65	56	57	71	85	82	86	63	67	67	78	70	90	80	73	80	62	75	58	77	84	60	58	82	61	63	62	66	69	58	69	78	62	68	55	74	63	66	63	64	61	60	65	72	60	66	71	96	64	64	70	66	75	88	67	68	61	68	79	72	60	64	55	60	63	69	71	65	65	85	87	63	67	66	72	55	69	67	61	70	77	68	65	77	70	70	64	67	60	80	68	80	75	58	75	68	77	59	68	55	77	68	66	66	76	77	72	59	84	79	50	72	87	74	49	61	55	76	61	65	63	87	82	66	71	80	72	75	92	79	72	52	69	71	58	68
cell29	144	138	127	134	134	116	143	127	122	119	135	137	151	136	129	111	119	161	139	146	132	139	142	143	125	126	117	136	133	122	125	128	118	138	122	130	118	138	149	139	151	134	128	141	144	124	122	133	109	155	128	110	128	115	142	157	118	142	118	124	116	135	149	127	135	134	108	139	113	155	143	151	137	131	130	105	133	109	116	146	119	112	120	138	121	133	146	139	126	128	114	148	126	150	126	129	125	123	145	128	123	130	140	105	106	99	119	128	130	112	124	125	130	128	145	115	137	127	122	140	106	123	131	135	110	141	108	158	152	143	129	144	137	141	123	123	125	138	128	147	120	113	124	99	108	130	123	137	109	112	130	135	134	121	157	143	129	113	147	129	169	138	126	142	145	123	108	119	115	123	120	144	134	115	139	146	124	122	115	137	143	122	109	158	151	121	121	143	139	112	119	132	137	121	146	131	126	135	131	128	127	126	159	146	138	137	134	138	151	152	101	146	130	132	142	138	116	124	138	132	117	114	120	114	100	136	165	119	107	130	142	151	127	144	129	138	120	130	141	125	150	131	116	133	88	92	88	89	99	91	86	85	116	71	83	80	88	82	82	90	78	94	95	79	102	77	69	97	103	109	69	83	71	96	79	69	79	93	89	80	76	84	82	78	107	80	92	100	72	80	75	98	84	75	88	99	84	100	61	74	86	79	73	83	85	94	102	70	83	83	92	95	78	104	101	88	74	88	79	92	100	95	74	96	79	76	85	82	86	105	106	119	84	74	71	90	98	93	89	75	104	76	93	89	92	75	71	79	87	92	60	78	97	96	77	104	71	103	80	82	98	87	90	81	99	80	92	85	86	85	84	73	91	67	93	108	90	88	77	77	87	87	89	88	102	89	112	71	95	87	91	102	73	83	76	74	82	76	80	77	90	102	86	83	77	95	79	91	93	89	94	77	104	79	87	79	96	101	85	84	85	94	67	107	76	88	70	78	88	76	80	92	93	91	76	70	80	72	84	85	74	89	82	67	88	88	90	78	95	91	81	93	87	75	71	93	84	84	84	83	88	97	81	92	76	98	84	96	112	67	88	74	97	87	80	95	73	87	72	102	88	91	81	92	88	95	90	83	92	98	72	108	91	80	85	84	77	84
cell30	157	138	137	140	134	128	131	125	140	130	122	135	145	143	171	132	121	158	137	136	122	154	151	142	141	142	149	123	157	135	141	140	163	131	135	134	128	116	152	148	138	159	130	134	112	120	141	200	205	211	220	195	207	216	199	237	215	212	234	239	240	217	242	231	213	201	212	186	219	208	233	210	216	214	211	157	140	131	141	157	146	80	63	69	0	0	0	80	75	87	123	158	155	118	145	133	120	140	138	140	131	156	129	112	132	146	138	144	140	127	136	142	135	117	156	145	164	147	123	128	136	135	143	140	154	127	116	146	138	124	140	138	140	123	137	145	136	146	149	131	137	146	132	125	142	139	137	161	110	134	160	117	149	141	149	123	159	120	148	109	146	144	155	174	143	148	131	135	158	147	154	154	105	136	154	135	152	148	148	153	141	113	130	146	128	153	130	151	135	147	131	132	131	129	162	137	138	142	130	152	136	139	134	154	128	159	148	156	142	145	155	125	142	144	160	125	144	133	131	137	171	132	141	129	123	127	138	144	149	122	124	137	162	133	130	129	137	124	143	134	142	144	163	136	158	155	130	173	171	149	157	158	139	140	164	150	147	120	133	151	137	157	124	124	143	160	128	147	145	143	141	124	135	132	155	134	148	153	147	161	143	129	142	143	128	139	125	154	144	140	139	136	119	133	140	154	127	162	144	150	133	148	133	156	125	130	156	144	149	141	179	123	144	131	158	145	139	165	135	160	141	136	146	132	133	145	149	157	138	132	148	152	138	152	133	117	115	160	129	113	161	129	159	146	148	132	154	146	142	156	152	152	144	119	163	156	123	139	139	133	143	133	141	154	155	141	123	128	140	120	131	132	171	122	172	133	147	131	134	127	140	156	144	169	125	172	139	146	141	133	126	144	131	118	134	114	134	158	135	156	163	137	119	155	145	147	129	139	118	155	157	139	157	129	123	161	144	140	130	164	144	144	145	157	128	131	146	125	141	141	132	127	131	150	133	134	152	126	124	120	152	171	130	141	152	156	134	157	110	133	110	153	138	132	145	130	133	138	157	138	148	135	156	157	135	161	126	162	125	133	138	152	110	147	145	162	135	141	139	135	163	123	149	131	126	162	159	140	156	138	124	147	136	139	123	125	125	145
cell31	121	91	113	114	94	102	120	113	97	109	105	127	106	123	117	102	108	131	118	135	104	127	115	127	100	98	111	113	111	124	114	134	127	124	132	112	115	94	117	118	130	103	98	118	118	94	91	152	175	179	150	175	175	173	162	174	154	181	170	169	184	158	198	194	185	156	181	151	157	166	165	153	195	184	166	114	119	112	103	136	89	67	54	52	0	0	0	54	62	63	114	116	110	98	107	105	106	92	110	100	117	116	115	105	97	103	126	127	109	111	110	121	131	111	115	107	115	115	103	91	112	90	122	126	117	124	113	128	99	123	123	114	134	115	120	135	128	111	120	106	121	95	120	124	118	103	132	115	116	138	105	104	105	114	121	113	121	122	116	104	116	106	129	136	129	140	119	120	137	122	124	100	109	100	124	118	124	117	116	134	96	113	91	85	95	113	91	101	112	94	123	107	93	113	115	105	122	122	117	127	122	91	118	103	92	121	107	129	133	117	109	101	130	110	99	94	116	110	91	108	109	114	91	103	120	119	105	133	133	129	117	138	122	124	131	95	101	122	128	118	109	135	121	105	87	102	111	111	122	132	84	127	108	106	134	114	120	110	116	127	100	114	123	96	141	127	114	140	126	125	114	106	114	113	108	103	105	106	125	115	128	126	100	106	108	126	101	111	111	111	127	112	106	101	118	128	127	109	133	114	104	131	115	122	88	99	126	108	107	117	124	81	109	108	112	112	104	135	116	98	111	111	103	100	114	116	111	98	114	114	126	107	114	114	118	124	113	123	111	91	106	103	133	107	99	103	112	131	116	135	125	126	121	114	108	133	105	105	106	131	107	116	129	114	117	118	134	104	104	103	102	107	117	99	141	114	83	106	115	120	113	137	103	147	125	104	121	120	132	113	112	123	100	104	117	95	116	117	112	106	127	104	122	108	104	122	101	97	115	101	104	102	108	118	114	137	111	118	132	107	114	126	104	114	104	122	121	112	112	110	126	90	119	99	133	108	111	88	119	90	103	139	106	116	116	129	95	138	119	125	86	129	138	133	124	136	106	105	124	110	103	113	111	128	96	128	112	120	124	102	133	105	98	94	118	124	116	134	113	139	110	124	96	115	114	110	117	121	112	101	97	126	122	86	122	113	95	107
cell32	226	239	229	236	232	220	253	208	245	227	240	261	277	243	248	235	212	254	268	236	226	263	247	242	251	271	238	266	246	235	258	239	271	211	224	248	272	257	268	226	237	212	251	241	241	247	236	249	219	234	254	226	234	245	258	253	236	270	257	272	228	238	219	270	237	225	246	237	206	222	275	238	234	250	225	244	240	219	217	251	242	247	279	245	244	211	270	246	246	258	219	254	227	228	244	216	223	260	235	221	223	204	239	207	224	185	249	237	236	246	245	249	286	221	236	211	258	213	228	242	241	263	213	247	249	246	216	260	243	237	216	245	260	261	266	256	263	236	247	263	247	223	261	233	220	229	204	276	227	259	235	234	225	265	264	231	236	237	242	239	244	224	239	245	263	247	228	223	249	248	212	196	228	248	247	242	249	280	269	263	217	214	228	232	230	250	243	247	237	212	224	234	226	227	204	211	251	221	241	246	251	233	253	249	263	258	233	236	250	215	260	234	272	215	272	224	258	212	239	240	257	199	211	233	233	243	236	255	249	212	269	232	287	270	265	219	231	266	269	229	238	263	277	226	155	165	138	172	203	155	156	168	177	165	164	182	154	164	145	144	158	158	174	153	154	170	130	159	177	158	149	132	137	176	153	176	167	161	184	156	152	154	158	152	154	158	153	159	146	158	155	165	141	164	137	154	168	168	151	155	159	187	152	188	159	159	163	154	148	159	169	129	170	126	155	182	153	171	146	150	149	178	156	160	153	126	169	168	161	156	161	148	147	141	184	165	132	154	170	147	177	169	180	157	159	137	182	157	160	163	166	157	147	166	156	176	144	133	176	164	155	156	154	160	168	145	148	153	177	153	180	182	154	174	150	169	167	178	171	142	148	157	135	172	155	170	150	177	149	157	152	150	160	156	172	143	151	152	159	164	143	156	154	163	159	128	143	178	156	179	162	155	144	170	165	176	152	162	176	157	148	159	168	155	166	171	150	174	157	143	162	171	159	151	142	165	165	152	185	144	199	170	168	169	160	165	154	179	132	176	121	182	169	161	153	162	178	153	165	171	167	160	178	167	151	198	187	158	157	162	176	164	155	157	172	139	151	149	152	168	133	180	147	174	165	162	153	158	151	177	192	167	171	137	150	127	124	144
cell33	146	130	143	149	125	138	117	121	130	147	130	152	142	147	156	116	112	136	127	126	123	114	136	134	133	121	131	141	112	131	132	138	144	130	157	128	149	140	157	142	139	121	147	146	136	133	142	127	127	148	118	136	125	138	135	164	122	132	153	152	155	146	148	148	140	117	124	155	162	118	117	139	152	128	124	136	118	144	121	142	126	156	134	137	132	134	147	118	144	141	141	153	141	103	120	139	121	136	132	130	121	121	118	124	119	125	168	139	136	121	132	133	135	125	128	119	160	126	132	120	132	133	136	140	113	165	112	143	136	140	129	144	123	128	117	123	138	126	112	125	136	150	147	128	140	120	137	151	110	114	138	127	116	150	142	139	137	136	148	166	132	116	139	111	122	158	130	121	136	131	128	115	119	131	134	155	125	153	133	157	119	125	126	135	122	148	150	129	128	135	156	120	148	126	163	126	130	131	118	156	126	144	131	128	123	147	145	155	148	144	143	145	132	144	147	122	135	128	128	145	118	145	123	113	135	135	129	129	130	131	143	144	152	126	138	160	143	161	142	155	151	143	159	139	133	165	124	154	146	138	136	118	147	143	143	127	137	133	135	156	118	134	134	132	157	133	124	141	138	163	133	107	134	147	149	134	159	161	151	147	138	131	130	150	140	126	136	146	149	145	129	124	147	129	141	154	113	157	139	136	122	147	123	131	118	157	163	132	143	138	129	127	128	120	144	149	130	150	129	139	117	141	132	135	146	143	147	110	120	129	139	155	145	137	130	145	114	133	138	115	148	128	166	139	129	121	153	136	143	127	127	122	137	142	146	135	120	145	122	125	134	124	129	127	149	133	127	131	123	127	132	114	125	109	117	138	114	132	130	127	132	146	134	147	135	149	137	143	153	105	143	140	134	144	105	116	127	153	138	123	155	116	147	117	125	120	136	105	132	128	160	114	130	141	122	144	141	138	137	124	117	136	157	138	137	127	135	139	138	134	148	117	120	141	125	131	135	125	130	147	166	132	150	130	132	155	123	137	127	120	128	165	127	138	142	127	137	118	148	162	143	122	130	152	123	166	145	158	143	120	155	149	125	138	143	161	120	107	138	152	117	141	116	139	154	155	187	130	135	137	133	135	144	131	140	110	128	143
cell34	165	170	143	178	149	162	188	143	178	142	176	144	166	154	160	133	140	171	170	172	185	166	149	172	176	167	167	175	179	168	155	159	165	179	157	160	178	140	181	157	178	145	166	173	151	157	148	165	160	166	172	133	157	166	159	186	165	171	167	187	169	182	171	157	152	184	154	177	162	168	178	169	173	179	145	133	177	150	142	154	150	190	162	177	150	150	205	175	180	153	189	166	175	151	158	162	160	156	150	160	162	134	197	134	141	158	145	172	150	139	185	160	156	134	150	175	164	139	143	155	156	178	160	176	170	176	153	172	157	156	157	162	185	151	162	177	177	165	174	148	201	165	156	155	151	168	169	177	149	158	182	160	163	156	160	134	164	181	154	180	175	154	191	172	147	196	167	160	164	174	166	148	153	172	158	153	162	158	171	191	175	143	157	164	147	180	150	169	182	132	150	185	156	164	164	171	171	150	148	150	195	168	169	172	172	168	165	192	161	147	160	146	162	132	165	157	149	157	136	160	159	157	158	164	156	157	170	154	154	160	165	171	192	157	152	168	177	172	164	151	188	208	174	140	95	106	100	94	133	116	91	104	118	107	93	103	106	112	94	105	102	120	116	82	132	102	101	115	106	104	99	102	108	114	122	106	122	84	114	116	119	86	119	91	104	107	93	116	108	105	115	105	111	103	109	108	114	111	108	99	98	102	102	119	118	90	134	105	99	122	92	87	107	89	116	128	97	103	94	124	133	107	114	123	102	90	118	92	125	98	112	117	118	97	120	86	89	125	112	99	116	100	121	101	118	95	106	106	96	115	111	99	108	108	104	104	114	124	135	88	107	108	100	111	98	112	101	88	113	94	128	119	115	114	116	105	107	109	118	110	113	121	91	118	114	114	93	120	103	93	123	108	124	113	97	106	116	94	102	100	111	94	124	86	105	122	114	102	118	128	111	109	116	82	89	127	114	100	119	125	121	104	114	115	124	101	101	81	111	102	106	109	120	94	106	111	110	95	110	103	117	119	124	114	111	131	97	109	118	112	97	113	95	113	85	105	109	88	98	123	120	101	103	120	106	124	104	126	105	102	140	110	111	107	98	117	92	109	90	121	92	105	102	108	133	120	119	87	116	101	102	122	93	122	105	115	86	106
cell35	286	208	251	255	232	250	270	220	201	224	211	262	255	262	221	238	242	253	253	245	215	258	222	225	254	254	226	249	241	284	237	277	291	252	223	267	254	258	268	223	244	234	250	216	239	211	231	241	228	231	225	228	258	257	228	246	250	245	236	250	233	238	271	277	226	241	251	247	213	250	220	249	256	249	221	262	242	245	214	229	216	260	244	265	235	214	271	226	257	247	225	258	238	206	224	227	213	223	240	244	248	204	240	198	213	216	229	259	208	226	255	222	232	224	251	231	223	220	217	258	207	245	211	222	252	250	272	270	248	248	211	253	235	216	261	243	284	241	267	273	232	242	233	232	252	229	246	245	241	246	241	211	246	247	207	239	234	233	248	247	263	237	285	247	257	244	221	254	248	280	223	223	239	251	229	252	213	247	246	253	249	230	204	221	246	257	219	259	224	223	229	216	220	241	270	245	248	242	222	232	252	203	237	273	225	241	245	255	230	226	279	237	272	222	261	249	256	212	207	252	253	223	242	235	249	240	247	249	240	238	241	225	254	248	242	250	194	228	235	259	261	254	282	212	160	163	171	178	187	176	178	141	171	166	157	172	181	166	156	167	159	153	181	139	165	156	161	182	166	138	135	161	157	168	204	137	163	155	166	156	152	150	190	144	153	152	156	158	154	166	163	142	149	158	156	166	177	194	153	152	166	179	169	177	176	148	208	160	146	144	173	141	178	139	145	175	138	146	155	186	173	157	179	131	165	160	156	173	171	166	159	172	150	194	181	159	153	138	146	147	190	160	183	175	161	170	161	176	174	147	179	145	153	190	135	162	134	180	156	161	168	162	172	151	174	144	164	163	178	159	153	188	165	155	139	169	165	146	184	182	161	171	161	183	168	153	198	144	153	174	162	184	168	182	140	161	148	203	133	134	161	139	168	156	136	146	163	166	156	162	159	149	155	171	176	153	143	188	156	168	170	147	169	134	150	168	160	163	138	162	148	154	157	169	156	152	168	148	176	161	146	157	196	182	164	190	164	159	162	175	146	182	157	135	149	169	165	143	174	165	149	160	164	165	148	183	135	183	168	134	157	155	152	164	150	180	167	148	176	177	149	183	149	181	198	161	153	167	172	161	171	169	173	134	142	163	115	160
cell36	165	181	165	151	177	172	186	171	184	155	156	166	192	158	188	171	146	154	215	188	134	159	158	138	167	159	199	151	175	160	177	161	180	158	157	179	160	168	164	152	158	163	163	158	154	158	153	160	188	192	164	168	153	158	174	162	160	163	161	177	180	183	182	163	169	160	149	163	161	173	166	177	180	171	147	155	155	159	148	199	144	159	168	149	171	154	204	173	163	184	167	194	174	149	156	153	140	162	164	152	160	138	171	147	157	127	149	155	157	187	171	157	146	147	169	165	200	139	165	148	158	197	150	156	174	164	142	183	176	146	150	191	165	148	174	176	170	166	149	154	164	157	188	173	165	151	149	183	181	161	179	152	168	160	158	171	174	173	146	164	188	130	199	190	166	187	161	158	173	175	177	156	140	159	174	170	141	139	172	170	161	169	178	151	154	193	161	161	171	141	183	170	175	142	163	178	185	164	175	150	139	140	153	153	164	171	192	165	189	158	167	162	174	156	162	171	156	141	165	183	154	158	167	181	143	158	176	159	148	176	197	185	194	161	156	154	149	158	148	153	180	167	192	150	100	97	114	95	112	121	100	119	89	106	104	89	129	94	92	103	115	123	109	102	120	105	104	116	101	119	92	97	111	126	133	103	134	106	110	120	110	113	84	106	107	120	93	111	109	117	112	109	104	106	98	113	109	128	107	107	113	103	105	128	111	127	129	88	104	109	105	99	106	106	136	134	99	118	110	115	103	99	107	104	105	102	119	113	92	103	100	115	111	136	139	101	103	101	104	100	133	112	114	109	123	110	92	108	114	130	108	99	110	94	103	102	100	91	110	96	98	105	119	80	102	114	106	113	103	93	108	113	121	104	119	122	111	93	121	114	105	110	113	117	127	103	115	112	109	105	102	107	103	104	104	99	102	105	107	101	117	84	104	102	104	129	102	104	117	132	123	102	119	84	84	147	94	118	129	132	108	117	95	107	113	100	115	112	114	110	104	108	140	113	111	109	92	108	99	109	96	115	117	93	92	123	122	118	95	101	82	132	92	106	103	117	119	96	123	131	124	98	121	92	108	113	106	119	109	116	106	93	96	131	119	107	102	87	101	115	107	105	102	108	93	128	127	97	104	98	96	82	96	118	107	106	92	103
cell37	143	129	137	130	115	109	118	137	133	127	117	132	125	119	111	111	113	129	134	109	109	123	144	103	115	139	118	108	129	141	113	112	130	123	101	114	120	125	145	121	132	97	108	115	131	148	103	121	111	128	98	139	129	122	133	142	144	140	143	137	139	131	133	135	123	111	132	118	124	129	122	110	147	127	118	119	114	101	127	138	104	136	132	128	116	113	129	113	132	129	113	131	111	102	116	121	104	108	110	119	122	110	129	101	123	110	133	125	132	132	150	124	127	125	112	112	140	111	116	123	105	115	131	124	127	108	130	165	121	116	129	108	132	108	123	124	131	101	126	125	139	130	107	129	121	121	117	127	126	113	124	101	125	119	122	128	131	134	103	112	133	87	138	126	113	142	107	118	137	117	114	126	155	107	116	119	118	120	135	125	115	114	114	127	132	137	108	120	109	104	127	122	127	130	116	128	126	121	120	100	120	118	117	139	108	122	111	139	150	137	136	127	136	112	119	103	121	110	108	135	117	113	121	117	121	127	123	113	118	112	119	129	149	117	117	122	100	114	122	119	142	133	120	119	110	130	126	131	142	132	124	126	146	116	119	126	122	132	107	122	125	117	126	124	140	134	134	140	125	114	116	135	99	116	115	125	124	129	126	134	129	126	130	120	112	136	98	126	115	118	115	114	142	126	145	120	120	133	123	124	106	119	110	137	131	125	140	126	108	124	120	113	122	111	138	121	123	131	104	130	137	137	115	112	126	133	126	112	112	130	126	131	98	130	133	124	120	114	139	105	108	106	127	152	125	135	126	110	130	136	132	116	116	135	123	136	129	128	107	126	119	126	126	119	119	135	96	126	120	100	141	128	101	120	119	127	125	116	123	114	101	122	132	136	121	127	131	113	123	105	154	107	110	134	103	115	116	108	104	120	132	120	111	113	117	136	145	119	134	131	120	122	95	130	120	126	108	112	123	125	143	109	126	124	111	129	131	147	123	109	116	124	102	125	128	113	118	111	120	101	129	115	126	119	102	138	123	134	98	118	124	156	127	138	128	133	107	109	139	124	127	105	129	120	131	131	117	150	108	126	132	137	133	92	127	109	116	107	120	135	97	122	113	110	103	125	119	123	118	122	125	102	148	98	111	124	89	117
cell38	151	129	144	146	115	141	142	115	133	113	130	136	138	135	110	116	137	138	156	141	152	142	148	156	130	129	176	133	136	132	121	145	152	136	112	113	133	131	136	148	150	122	113	121	138	131	126	108	128	125	117	138	139	149	138	146	145	139	147	144	136	136	128	165	131	116	128	136	135	150	137	124	143	107	118	134	137	134	107	132	116	143	129	117	130	124	149	127	148	108	131	130	117	119	109	131	110	139	133	119	148	106	138	109	118	108	133	120	125	118	151	131	162	123	123	147	135	134	124	131	137	112	130	137	138	137	106	145	140	130	149	137	155	105	130	136	137	144	140	116	135	131	138	142	151	116	131	177	118	136	129	135	125	114	134	135	119	153	140	138	132	115	142	130	144	160	123	128	115	135	120	134	132	143	131	139	145	124	125	146	139	125	114	121	121	146	127	135	151	118	132	147	112	126	126	125	150	122	151	123	133	122	151	134	119	123	122	120	124	139	122	132	124	129	138	110	135	136	150	142	120	135	124	123	139	102	126	128	138	124	155	136	152	146	127	128	131	119	136	99	135	153	131	138	86	89	76	93	108	79	91	88	97	87	99	95	92	99	76	79	76	83	83	87	99	100	80	101	76	101	76	82	84	92	86	76	82	81	93	104	91	81	98	89	86	101	96	90	96	84	82	83	100	71	85	89	89	86	102	79	82	108	96	90	92	90	94	77	85	83	90	79	80	91	86	91	95	99	88	72	84	94	97	79	82	96	102	101	78	90	86	114	77	95	88	76	93	91	94	61	109	79	92	84	97	86	91	110	94	72	73	83	82	88	70	104	82	84	90	89	103	74	94	74	79	98	99	75	91	85	86	80	80	77	89	99	74	100	85	104	82	84	91	106	92	113	94	97	91	74	102	86	97	85	80	80	84	79	88	86	88	88	78	78	76	96	103	91	82	85	103	79	85	82	91	100	99	85	95	98	89	98	94	72	91	84	82	86	83	71	108	84	104	83	64	98	86	80	87	79	79	96	92	72	73	105	89	91	78	80	73	77	91	94	83	87	95	74	98	76	67	74	80	89	81	92	85	96	86	77	94	91	83	98	88	78	80	83	87	112	88	100	69	86	77	92	91	84	74	89	93	96	94	70	93	77	85	88
cell39	167	148	131	133	156	140	165	132	159	145	117	149	154	144	151	144	156	146	169	154	135	158	129	155	151	138	174	147	159	161	116	141	173	135	132	154	142	144	157	162	153	150	160	145	144	151	146	133	140	138	150	156	148	155	149	157	141	162	152	190	133	153	164	175	146	137	150	151	155	145	138	127	162	137	148	154	141	160	151	161	153	141	159	155	148	143	181	152	147	155	139	159	132	142	124	146	149	131	116	126	140	148	160	138	138	108	157	165	144	131	148	161	128	129	157	175	151	133	132	162	139	148	155	138	177	122	150	153	126	140	146	145	155	142	149	155	169	143	152	153	133	169	157	127	135	151	150	167	139	165	176	136	144	117	141	162	181	141	149	133	160	138	153	143	144	163	161	135	168	167	137	135	139	152	151	148	145	149	146	162	139	145	141	135	145	153	152	155	150	148	148	145	146	161	156	137	163	145	129	127	156	141	154	152	131	162	142	161	170	147	158	147	136	132	136	135	152	145	142	160	147	157	164	139	137	134	147	178	136	136	163	131	149	138	127	157	152	168	156	156	149	139	169	132	81	102	93	96	89	103	82	98	109	109	103	97	115	91	98	82	104	90	87	93	101	89	81	99	92	104	102	93	84	83	109	98	93	97	129	106	96	78	104	104	92	93	95	88	104	106	91	103	80	87	110	86	77	96	102	89	88	124	85	107	94	98	111	87	98	90	108	92	86	87	102	122	88	99	81	101	97	96	88	101	95	87	95	104	99	99	103	106	107	102	109	83	93	103	91	82	101	111	106	91	83	103	109	97	107	105	97	111	96	103	117	99	80	106	96	98	99	106	106	88	91	85	102	109	123	95	90	95	98	86	83	99	86	83	108	83	101	113	110	115	113	102	96	101	84	88	95	87	88	102	96	87	96	97	115	99	94	74	101	102	92	84	94	98	88	104	113	98	102	82	101	115	94	100	96	115	99	90	85	104	87	82	88	107	85	89	96	85	86	105	92	81	77	93	88	87	102	111	105	111	94	102	105	98	96	101	76	101	100	92	90	102	105	103	98	109	91	81	110	87	101	104	102	101	111	107	88	95	119	84	91	84	103	83	83	117	92	82	94	87	108	106	88	87	99	106	102	109	107	103	82	86	81	98
cell40	138	126	119	123	115	123	99	98	102	115	117	108	137	115	118	122	108	130	122	123	111	120	109	109	118	133	120	105	117	113	120	145	139	112	125	134	121	139	130	109	126	127	103	110	107	113	108	108	119	119	127	101	119	104	113	108	114	128	125	115	113	114	131	141	109	133	106	116	126	126	109	118	112	118	98	127	116	118	99	147	104	131	125	111	91	102	135	120	120	122	109	110	135	101	116	102	107	130	117	123	107	114	115	107	97	93	117	110	112	124	116	115	124	92	132	114	131	129	120	111	114	123	101	112	138	128	98	135	125	126	123	99	127	137	125	117	124	141	132	123	132	127	125	108	108	126	137	127	95	111	126	88	94	109	116	111	123	130	125	154	110	116	122	121	119	97	121	113	141	127	128	115	101	116	121	118	117	137	117	145	114	112	101	133	120	120	103	131	112	97	107	119	115	120	120	104	128	110	112	148	127	116	138	122	96	138	129	110	133	112	99	141	106	103	131	122	113	111	111	105	119	121	99	131	124	109	116	146	100	125	134	111	122	128	124	114	119	104	121	101	124	129	138	120	73	92	75	84	88	64	74	69	79	108	74	74	73	73	74	76	70	102	76	54	88	71	78	91	69	72	62	62	84	85	106	72	95	79	80	79	83	69	85	71	84	67	79	73	81	72	81	81	71	77	77	88	79	72	86	77	60	81	75	69	75	78	111	78	70	69	65	79	71	67	94	82	72	84	63	73	77	81	74	72	66	65	75	69	74	70	91	98	70	89	93	96	58	87	84	69	88	65	101	88	70	79	77	76	72	87	76	69	77	69	79	89	69	73	66	71	78	79	68	65	96	74	76	65	68	82	80	79	100	77	66	77	86	89	97	89	82	81	78	94	76	85	90	75	84	81	84	83	66	81	72	73	87	76	77	68	86	77	69	77	71	85	71	88	79	96	82	72	64	78	75	83	75	72	85	81	76	83	56	85	79	87	76	72	72	80	58	75	86	82	84	75	66	59	87	88	85	75	90	84	82	99	82	62	86	81	88	75	93	79	71	77	89	68	76	101	78	70	77	82	82	88	78	81	91	69	83	79	75	87	65	61	71	69	101	68	83	93	77	72	90	75	73	83	71	85	68	61	97	76	82	79	82	77
cell41	205	170	219	211	201	182	200	184	191	195	175	195	171	184	173	180	186	185	177	200	174	215	174	204	196	202	207	204	195	199	205	185	188	167	185	198	221	187	227	215	197	178	190	188	210	177	166	214	203	192	207	179	185	146	204	185	176	216	225	223	195	161	205	219	185	175	201	171	198	196	185	195	210	182	212	213	199	208	171	190	194	193	210	169	180	191	216	187	228	173	198	206	157	190	181	175	199	201	191	144	205	172	183	177	177	179	193	190	212	202	190	215	186	182	189	199	197	172	168	171	167	200	191	209	188	221	183	236	169	183	181	198	225	167	208	183	216	191	207	204	207	177	194	179	188	197	181	220	201	202	178	188	201	191	217	182	175	200	215	207	181	184	225	235	216	212	192	204	192	207	177	198	178	215	199	232	174	214	174	225	187	176	189	169	173	203	176	185	204	171	177	175	191	184	200	194	215	170	177	199	178	161	190	211	187	195	196	214	187	201	202	204	169	190	173	198	199	180	199	207	209	178	176	168	200	188	202	199	200	189	244	216	224	192	190	181	192	189	204	175	186	214	222	210	115	121	110	146	154	129	130	133	119	134	134	101	99	134	131	134	125	145	136	93	122	131	110	107	124	149	121	120	114	109	140	111	129	122	135	147	126	140	126	111	138	128	148	129	133	117	118	115	111	133	128	110	121	121	126	117	125	100	128	147	127	126	127	122	134	151	129	117	135	112	115	137	127	134	118	134	141	138	123	119	104	125	135	115	136	110	146	130	119	132	121	137	132	147	102	107	138	128	147	123	142	127	150	114	147	134	122	143	143	113	128	124	123	127	96	115	128	138	140	120	134	116	132	143	143	131	127	141	127	117	125	134	130	113	128	131	137	135	132	125	122	134	152	118	129	105	123	125	110	149	125	110	136	125	131	139	134	128	145	117	119	137	150	139	135	142	136	120	134	129	125	143	150	118	133	128	115	109	135	127	129	135	136	151	118	129	132	124	129	136	121	110	111	119	131	121	119	122	144	121	119	140	145	133	137	113	100	119	93	138	127	127	129	114	119	112	128	132	144	118	141	129	118	149	130	123	127	128	117	131	135	127	120	76	103	135	119	131	98	114	137	137	132	121	132	102	127	165	101	120	112	122	131	131
cell42	75	68	65	55	63	71	70	70	56	67	69	64	71	65	70	71	60	84	74	69	75	52	58	61	78	61	68	77	68	74	64	94	86	70	52	81	69	63	75	59	75	61	65	79	70	55	77	73	53	76	66	79	76	71	70	73	72	78	77	70	57	64	74	79	61	82	61	45	52	53	76	78	71	60	71	69	64	75	72	78	68	53	69	79	70	84	69	75	77	78	67	68	72	58	60	66	60	63	61	95	69	62	71	67	80	62	76	73	50	59	54	55	72	67	72	76	84	52	60	65	55	68	64	71	68	83	69	65	48	67	52	63	67	62	62	78	57	74	63	68	69	75	79	72	68	67	59	69	79	43	78	67	49	58	65	56	79	72	77	77	66	56	68	75	53	80	77	57	66	67	73	45	82	82	72	74	76	68	69	81	71	72	85	64	82	78	60	60	67	57	57	67	75	62	86	81	73	69	69	73	54	72	73	64	69	72	63	73	76	66	72	81	72	73	77	69	66	62	72	68	75	58	55	74	77	71	69	67	73	71	83	72	79	63	58	70	75	66	70	63	74	72	68	59	69	60	65	71	92	67	65	52	69	74	74	70	66	62	44	68	69	64	56	75	78	74	61	72	61	73	62	62	69	69	72	51	55	65	72	73	74	68	75	65	68	65	64	58	51	58	58	73	64	69	73	65	74	69	53	65	80	59	61	70	60	67	66	50	79	58	70	57	68	73	73	77	62	89	67	86	74	73	62	55	54	56	63	78	58	49	80	62	78	74	64	78	74	84	63	68	63	67	86	69	77	67	84	75	57	73	88	66	69	69	62	67	70	68	71	51	73	67	68	69	67	79	65	60	93	62	76	79	77	73	57	90	73	58	62	68	61	80	64	76	65	66	82	75	56	81	82	79	69	61	55	69	67	75	68	71	75	73	67	81	53	64	64	61	61	61	76	76	68	54	52	69	77	65	66	86	70	63	68	73	66	69	63	69	72	74	64	75	69	68	64	59	77	69	72	72	74	67	75	67	65	71	79	71	63	68	57	59	67	73	60	54	72	63	63	68	62	79	72	81	44	54	73	81	64	79	69	66	92	61	67	75	65	77	50	69	56	69	67	70	72	69	85	63	66	68	62	83	58	68	70	57	63	69
cell43	121	114	121	130	130	124	126	134	117	116	118	114	128	127	118	101	114	116	130	121	105	112	117	111	123	117	106	146	121	124	110	129	133	122	107	123	132	114	127	136	119	142	123	120	118	115	116	200	178	161	165	162	180	188	179	208	156	200	176	223	191	189	174	175	185	160	192	162	162	193	168	178	202	187	176	111	124	109	116	149	121	55	47	61	63	47	50	75	67	62	92	137	103	115	113	122	89	121	115	122	133	115	112	99	127	110	121	115	129	130	110	134	121	114	122	121	115	110	112	104	115	108	137	108	143	130	101	135	133	94	123	119	116	96	130	96	136	136	116	133	129	108	126	120	127	112	124	138	121	134	113	121	112	116	127	115	105	134	107	117	132	119	142	108	137	142	109	119	123	122	109	115	132	112	133	129	121	122	107	153	129	107	121	113	115	126	120	142	99	95	102	115	103	115	136	126	114	115	112	128	118	110	115	121	136	113	131	135	126	124	129	118	141	105	126	122	128	94	110	140	123	109	114	113	121	103	126	119	111	116	130	117	121	134	125	120	125	122	128	116	115	138	123	129	137	125	126	141	124	145	112	116	107	117	131	118	122	131	115	131	116	143	108	101	123	125	118	131	117	144	116	114	127	116	138	144	126	129	112	109	95	104	124	118	115	95	126	103	120	109	116	123	113	116	121	127	145	120	127	111	117	140	129	119	113	117	132	135	118	115	130	133	129	126	111	149	127	128	118	128	120	132	135	116	119	127	127	112	132	108	123	136	123	117	113	124	119	97	132	115	145	110	139	138	118	117	138	111	131	122	124	106	113	110	112	119	112	128	109	106	110	113	114	97	133	132	112	118	120	88	116	130	130	121	135	123	134	107	118	117	114	129	112	122	123	123	155	116	101	119	125	102	123	109	115	109	116	114	127	138	122	105	103	107	107	126	117	121	120	124	141	112	129	103	115	118	143	114	128	130	123	102	119	114	117	97	112	113	126	99	112	114	115	105	144	148	102	95	111	131	146	145	117	130	125	139	125	119	126	129	119	121	139	125	116	111	115	130	130	131	134	112	113	110	109	144	115	142	102	130	122	116	125	100	130	122	114	101	93	127	106	87	90	118	134	104	117	109	128	129	125	126	149	111	124	111	116	115
cell44	107	93	102	85	83	110	95	88	101	70	94	83	82	92	101	92	78	72	97	83	98	95	88	89	92	73	80	87	91	86	88	96	98	76	96	96	101	94	97	104	87	86	98	109	109	97	88	144	137	140	145	118	141	135	109	155	132	151	125	163	173	158	143	131	160	127	136	131	124	140	138	158	149	144	120	85	81	100	81	110	67	32	46	38	0	0	0	41	60	43	93	83	90	84	83	78	84	90	108	84	113	77	92	87	72	71	83	94	95	98	85	101	79	88	85	86	93	95	77	96	72	88	78	97	91	84	83	113	100	108	110	99	95	86	99	100	100	96	86	85	83	79	89	69	93	80	102	106	82	102	84	102	90	101	81	85	96	97	87	94	88	87	93	81	94	88	99	85	97	86	87	97	89	105	65	96	99	91	94	102	107	92	102	72	81	99	93	98	94	82	91	93	73	90	81	95	90	76	88	96	99	76	76	113	85	91	105	94	79	110	97	87	105	87	76	71	95	87	100	102	93	96	91	94	71	80	99	90	98	82	89	101	84	72	99	97	84	89	82	94	92	97	110	89	91	99	103	92	103	106	83	73	85	92	95	80	112	108	68	94	91	122	73	82	88	96	76	78	101	85	92	81	93	99	92	81	91	86	98	90	87	84	101	89	100	95	92	89	90	82	88	101	106	103	96	89	85	89	88	96	96	94	84	98	91	95	97	85	82	85	86	81	88	74	92	98	85	103	100	93	89	115	90	90	82	93	110	105	83	88	67	90	80	78	94	91	93	99	96	105	94	91	91	98	87	71	103	103	86	83	76	75	100	87	81	79	80	80	89	83	95	103	89	85	99	76	87	99	98	85	89	94	90	87	86	104	95	106	85	69	94	90	84	91	79	102	106	97	99	91	75	82	88	97	80	81	79	95	76	96	95	74	91	94	77	78	85	87	90	85	112	85	90	99	93	103	83	93	92	87	86	91	100	96	101	76	94	92	89	91	110	109	101	101	93	113	101	83	99	86	100	99	78	93	80	79	95	97	87	120	86	109	91	84	98	77	88	97	97	97	79	107	88	86	90	101	81	118	88	105	99	83	77	114	86	97	85	101	102	97	70	73	86	80	78	104	90	82	94	77	90	96	102	75	80	91	80	63
cell45	202	202	209	225	207	183	200	210	197	201	175	220	217	179	209	193	212	216	245	207	189	214	201	195	221	204	219	227	219	210	229	199	236	225	214	174	222	204	216	216	196	194	199	232	233	196	184	219	197	227	182	194	172	198	211	203	223	238	211	237	213	186	204	228	228	213	221	202	179	195	208	171	207	200	194	192	216	222	191	232	206	194	219	201	211	215	208	191	219	199	188	205	191	205	228	196	184	163	186	190	198	169	215	172	195	179	178	230	199	221	200	222	178	174	189	201	242	187	179	211	172	215	204	185	227	240	169	217	214	215	206	203	202	176	220	217	214	196	184	229	210	181	227	180	203	194	201	216	184	193	248	189	188	217	188	194	222	228	207	197	212	181	260	195	209	213	165	198	227	209	184	197	212	191	182	190	194	172	208	222	220	186	183	176	186	226	223	217	186	217	194	147	219	204	207	193	219	187	205	211	223	187	206	215	195	201	220	217	230	211	232	217	194	191	221	194	186	200	197	204	212	179	195	199	216	216	215	205	208	172	255	218	213	195	218	200	170	210	189	199	232	247	223	179	120	156	126	136	144	147	127	126	136	122	161	144	125	141	132	134	130	170	128	137	138	160	128	140	144	145	131	127	130	137	159	128	127	141	117	131	145	145	124	164	147	139	122	136	132	121	128	133	129	126	135	131	148	152	134	118	124	146	145	134	133	128	157	132	134	106	151	123	117	139	120	155	124	154	144	138	130	131	123	139	124	123	151	147	129	152	137	138	115	132	121	128	141	135	135	124	135	112	162	118	143	154	149	160	142	102	141	126	147	111	125	131	132	145	116	133	151	150	138	122	146	119	128	142	126	129	157	137	153	146	134	160	142	129	123	135	118	144	138	143	143	157	138	144	145	137	104	139	145	139	119	135	135	173	112	149	147	122	152	151	124	115	144	140	156	126	161	131	136	118	124	146	128	153	154	172	136	116	142	144	131	130	140	134	136	126	123	128	186	126	139	127	133	113	133	141	135	147	149	136	157	148	136	147	132	136	95	141	156	135	113	156	127	124	136	162	152	126	148	130	139	139	141	160	134	150	122	144	123	133	122	104	125	143	135	140	126	102	111	125	148	155	159	116	115	137	143	139	127	132	135	148	130	127
cell46	126	102	122	139	109	107	112	112	127	112	112	130	132	112	138	109	125	129	124	109	108	127	117	135	121	118	129	111	111	111	123	109	135	129	122	108	112	124	124	111	99	100	107	114	113	131	119	176	176	167	191	164	181	168	187	191	208	191	176	195	206	175	170	207	196	189	199	180	177	163	198	189	172	190	181	121	104	113	104	124	111	63	62	61	58	73	67	47	69	79	113	121	121	117	117	119	104	120	119	117	122	116	131	124	124	88	108	111	112	126	129	129	142	113	119	118	137	107	126	119	97	113	92	119	128	131	128	149	128	110	115	110	128	110	140	118	149	106	96	115	111	126	124	102	104	135	127	130	105	107	122	95	99	113	122	122	93	121	132	121	121	99	117	123	136	117	120	137	130	111	130	123	110	136	143	110	138	114	133	123	107	103	117	127	120	155	138	116	130	120	120	117	123	131	127	110	144	107	100	121	120	134	131	128	120	114	124	138	121	107	115	121	121	107	115	100	127	111	120	96	121	110	104	111	99	115	135	125	128	106	129	113	120	119	127	121	117	106	111	119	137	118	116	115	144	132	117	125	117	138	129	98	114	123	123	116	110	106	111	131	134	134	108	105	125	122	106	113	120	121	101	111	116	124	121	107	111	126	115	120	121	111	141	99	110	136	129	114	140	122	112	129	124	121	128	140	104	125	120	103	106	115	115	153	113	116	125	105	124	101	130	104	91	95	133	146	106	103	127	127	131	129	129	97	111	129	130	117	109	129	124	112	107	128	109	122	119	130	130	104	103	137	141	131	127	132	129	135	132	109	115	107	113	102	124	121	102	129	109	127	110	109	132	124	113	125	116	125	110	131	140	128	135	125	115	140	120	122	113	102	109	138	119	123	124	105	129	125	123	115	114	132	127	111	114	104	110	119	112	111	127	127	127	111	112	110	137	138	131	142	144	101	120	122	125	113	113	112	128	133	120	117	119	94	110	104	118	134	125	119	110	119	101	119	148	127	133	110	126	105	112	115	121	116	139	150	116	121	116	133	129	134	92	112	124	117	109	88	118	124	115	126	135	125	126	125	116	141	107	85	125	107	108	135	112	131	101	128	115	152	105	115	109	123	129	117	134	117	100	131	133	111	114	118	115	104	107	134
cell47	183	152	142	198	156	172	179	149	145	149	157	170	171	182	174	148	144	170	165	148	159	149	149	158	153	155	164	179	159	173	175	171	180	161	151	157	162	168	194	164	174	160	155	168	164	203	156	264	259	258	240	214	250	266	264	295	231	255	243	275	243	256	238	270	275	234	231	273	219	243	216	256	258	244	231	143	175	135	146	153	164	85	89	85	0	0	0	80	93	81	193	188	164	171	162	136	146	168	157	161	144	123	182	144	156	142	153	166	143	177	182	163	169	159	186	149	191	168	159	163	153	169	164	161	180	183	154	157	173	161	161	169	140	165	158	149	159	151	168	176	167	164	174	127	153	133	169	171	158	167	180	133	133	132	170	152	163	167	169	158	158	157	179	166	157	177	193	162	164	145	161	140	163	170	161	188	174	156	164	162	165	174	171	177	149	146	138	166	174	141	154	148	159	173	155	182	179	146	170	162	172	175	187	167	153	210	161	176	180	178	180	180	182	167	176	155	159	147	158	149	171	134	150	155	162	166	176	164	156	174	188	182	150	167	167	149	163	150	145	170	175	164	194	147	155	191	160	178	179	172	169	181	167	175	189	167	153	154	154	156	161	178	161	149	148	154	147	141	173	153	150	166	157	165	168	161	147	161	167	143	168	171	160	152	158	156	144	178	165	147	145	191	175	150	147	151	164	168	176	165	176	144	129	159	173	182	182	150	165	194	156	142	162	150	147	181	160	180	144	160	173	193	156	132	167	172	148	179	163	172	174	189	148	178	144	158	176	176	167	173	162	161	175	163	164	156	178	180	156	164	158	156	155	161	169	151	157	178	147	157	149	170	162	152	162	164	170	181	162	155	170	161	164	179	143	172	164	181	167	157	145	196	186	165	174	140	151	150	153	135	160	177	159	148	137	144	156	173	138	167	155	140	164	122	155	201	169	152	155	173	203	150	142	176	167	189	180	167	154	169	160	141	191	174	160	172	171	177	145	186	173	146	165	175	166	142	168	147	168	184	182	150	166	152	158	184	171	171	169	170	147	186	161	166	167	152	193	146	167	183	144	146	187	166	149	188	162	191	163	129	147	144	174	178	159	146	144	163	146	176	165	154	150	155	153	134	175	168	165	157	181	154	161	150	171	136	130	128
cell48	167	183	164	181	168	172	203	178	190	197	163	195	174	182	162	158	157	167	186	169	186	188	180	172	176	162	180	188	181	192	168	175	169	171	164	172	203	175	186	178	197	165	161	161	177	189	156	164	181	188	174	192	198	162	164	197	194	187	175	185	192	190	180	193	193	159	181	171	169	191	192	168	187	171	167	182	158	167	171	192	179	181	173	170	166	180	191	179	179	184	161	201	169	139	206	188	156	170	151	192	185	161	198	148	163	154	149	174	138	167	180	184	170	167	202	167	194	162	161	157	151	171	195	160	203	218	181	215	194	179	170	197	202	160	208	171	186	193	166	173	169	179	194	181	168	155	190	196	155	167	160	148	181	163	171	164	201	196	205	174	172	179	183	178	156	211	186	189	186	184	193	167	146	167	195	179	160	178	191	180	179	168	171	167	192	179	169	179	148	168	178	172	188	174	174	202	178	177	164	171	172	192	192	186	189	197	174	178	176	179	184	191	168	157	172	170	169	165	168	189	152	188	155	169	166	164	192	181	174	175	189	193	195	169	171	186	182	168	193	183	181	182	182	184	108	129	124	140	133	112	124	136	118	106	107	126	115	111	121	111	120	112	118	95	125	131	94	111	114	116	106	99	102	129	126	105	114	125	125	114	124	115	151	116	120	121	118	122	119	124	106	123	125	99	128	115	119	113	138	132	136	113	124	128	115	109	139	96	114	124	128	118	122	117	154	128	111	135	104	137	115	115	129	104	136	111	121	122	119	118	125	107	113	119	129	99	106	137	108	109	126	105	140	120	99	106	131	103	122	121	100	106	125	117	103	138	141	128	111	115	118	117	141	117	98	117	135	117	133	117	115	134	117	119	123	141	112	110	117	127	111	106	119	134	112	130	116	137	114	113	118	118	114	114	111	115	108	142	118	123	119	109	113	128	114	105	102	120	110	128	137	110	116	115	118	126	130	131	117	140	128	123	104	119	120	98	124	119	116	111	134	121	112	115	112	112	110	106	110	115	147	126	127	128	108	142	115	128	119	107	108	115	131	142	124	107	115	104	119	135	107	118	125	114	137	139	139	126	131	114	123	118	94	110	109	107	100	121	123	127	109	110	106	134	120	131	107	124	90	94	132	140	131	84	116	103	113	117
cell49	93	98	106	101	74	76	105	82	100	114	74	86	93	85	85	73	82	96	90	106	86	100	99	81	96	83	99	113	79	77	97	90	78	116	85	82	111	92	112	88	100	84	105	79	100	96	95	92	91	63	86	89	73	79	96	88	79	99	84	94	93	107	99	102	96	94	95	86	91	80	91	83	97	78	81	101	93	84	72	83	86	76	99	100	88	76	87	89	102	82	80	107	66	91	95	73	81	97	97	122	94	93	102	73	84	85	81	96	94	76	107	93	98	80	84	89	106	98	69	76	60	97	94	88	103	88	91	81	87	81	90	111	95	79	87	94	94	95	83	98	94	96	93	97	84	85	94	115	108	82	83	90	87	88	103	77	95	95	91	93	97	82	102	85	100	74	73	99	79	106	90	82	93	98	107	101	76	101	100	113	88	69	75	74	88	94	95	110	85	92	97	85	107	91	91	94	92	93	76	87	90	104	85	89	79	82	100	99	96	105	87	99	82	79	83	98	82	88	90	97	72	88	86	76	79	87	90	89	96	77	88	107	100	91	95	84	87	89	96	70	87	90	84	92	50	63	71	54	67	63	52	58	52	73	61	57	57	54	66	65	74	76	68	64	74	67	51	71	49	76	53	65	60	56	65	58	52	79	69	63	57	58	81	65	56	57	51	54	56	51	48	73	54	56	47	61	55	55	71	71	68	58	61	76	49	49	77	50	67	58	66	61	59	50	54	56	44	77	60	55	61	68	75	63	61	65	55	69	56	69	57	69	62	60	62	58	59	61	49	64	63	51	57	67	72	60	67	52	58	51	58	41	46	65	67	50	65	57	62	63	62	78	52	53	64	73	68	60	57	49	72	68	51	56	66	53	70	50	57	53	50	56	73	70	60	67	61	61	46	50	64	51	52	69	64	44	47	55	67	64	53	69	56	55	67	59	62	51	45	61	69	61	65	67	55	77	57	59	64	61	57	48	59	57	71	51	50	71	61	69	45	55	63	61	54	53	60	59	51	66	63	59	60	59	61	72	62	51	45	56	71	66	67	68	63	64	54	44	70	67	58	72	63	65	71	60	61	63	49	51	60	68	55	59	66	58	55	59	54	66	61	53	62	62	55	62	60	59	60	48	68	66	72	45	64	49	61	55
cell50	149	141	142	130	136	129	152	137	166	141	146	144	138	160	146	126	130	135	157	144	131	163	147	131	147	153	138	148	133	144	158	155	122	145	147	130	148	128	145	156	155	125	137	144	150	129	136	144	132	129	149	138	132	129	160	127	149	163	131	151	157	155	133	142	164	119	143	138	133	147	140	132	165	121	134	143	147	146	134	165	153	113	133	130	120	130	158	175	157	149	135	145	129	132	118	149	144	141	140	140	153	142	160	115	140	128	146	148	154	120	145	144	147	130	152	155	160	124	134	133	147	145	133	130	137	146	148	151	155	138	133	142	159	132	149	134	174	131	173	130	139	148	146	166	138	151	139	157	122	135	149	131	143	132	138	145	141	166	163	139	154	142	157	140	151	153	127	129	148	142	137	148	129	138	125	146	161	122	142	165	157	155	122	144	124	153	154	115	135	148	139	146	124	143	139	135	153	154	134	131	142	130	126	159	150	175	142	132	168	150	140	161	148	140	130	128	140	151	148	160	132	140	153	134	128	156	160	148	160	141	153	139	137	174	127	119	126	136	145	137	147	165	127	144	76	86	103	100	110	88	82	88	112	83	113	109	103	95	84	98	108	105	99	84	98	82	80	112	93	103	79	86	86	91	95	90	102	93	98	93	96	91	100	81	86	92	101	86	107	98	96	106	107	90	115	97	102	103	93	103	99	100	97	104	90	88	93	81	81	87	95	73	95	89	101	99	66	105	89	85	81	106	84	78	109	90	98	87	101	88	83	88	82	94	99	64	94	98	97	75	90	85	111	90	85	82	88	87	104	83	86	85	114	107	73	96	88	109	96	90	88	80	105	81	103	108	100	93	87	81	85	102	106	77	82	100	95	100	94	76	73	92	97	97	117	96	112	94	94	100	87	105	88	86	87	93	112	118	94	103	94	94	84	81	83	88	91	81	97	90	101	83	84	85	91	122	94	99	87	110	83	101	93	100	71	100	97	89	93	74	94	66	105	87	81	91	90	76	92	108	98	114	105	75	85	87	101	81	95	86	90	105	96	91	87	79	86	93	97	107	89	90	85	102	84	100	91	99	96	91	99	86	78	108	90	81	83	76	104	107	87	105	83	98	107	113	86	86	90	85	91	113	84	92	90	89	83	82
cell51	118	98	119	113	99	99	94	94	111	102	101	101	115	113	97	97	99	97	122	93	98	102	102	110	103	96	112	85	97	103	103	115	117	103	105	99	96	109	111	109	107	91	97	98	101	93	95	89	103	100	104	95	110	91	126	104	94	98	92	106	106	134	100	109	87	118	99	102	104	107	112	100	110	73	90	95	111	109	87	111	75	119	106	120	102	98	108	110	91	102	98	96	93	87	117	81	83	91	97	100	104	90	106	108	91	95	80	89	117	85	97	118	106	84	100	84	116	99	111	114	75	94	95	104	107	109	102	108	115	99	103	107	105	85	89	97	107	106	90	110	85	97	117	100	99	128	93	94	127	91	126	114	90	113	91	85	105	110	92	110	116	87	107	104	105	115	104	105	109	106	115	98	93	106	109	118	98	105	88	120	111	87	111	117	110	103	109	91	103	105	107	119	83	92	110	119	114	103	107	109	106	106	117	97	101	100	104	95	99	111	109	103	109	106	108	100	109	103	86	100	97	106	113	91	91	88	92	110	110	108	104	112	97	97	115	101	82	95	96	98	84	115	115	94	74	69	72	67	83	69	72	62	57	75	87	60	52	68	76	59	63	84	65	52	78	80	71	62	64	69	71	64	63	58	67	68	52	73	63	83	83	64	62	65	79	61	72	75	73	64	66	81	67	68	91	59	57	74	60	56	86	82	63	82	74	65	71	67	62	74	69	63	70	65	86	72	47	73	75	63	59	65	58	55	62	71	70	66	74	71	67	73	60	77	65	65	48	62	63	53	64	55	69	66	69	55	67	54	69	63	78	75	65	73	73	59	74	73	71	63	61	53	68	62	69	81	68	73	72	56	77	69	57	69	73	67	61	71	84	57	70	70	88	63	82	72	79	74	69	64	59	63	64	64	74	74	59	76	61	66	73	48	60	60	66	62	66	56	72	75	59	62	69	54	66	83	66	65	67	81	59	75	68	61	72	69	75	75	67	72	64	59	68	65	64	56	67	75	75	61	68	90	46	71	65	78	76	75	55	78	70	73	68	69	61	58	67	64	57	81	71	73	70	55	66	66	65	76	81	74	69	71	61	71	69	69	64	81	69	84	71	60	59	67	57	73	72	56	62	58	76	58	74	59	66	61	72	44
cell52	86	69	79	82	79	80	71	81	93	75	91	86	97	73	80	79	68	82	78	73	82	96	88	64	83	89	76	81	69	84	75	80	77	83	81	76	98	87	91	78	88	87	79	90	93	97	82	78	75	81	89	78	83	79	75	77	86	77	68	97	97	95	91	86	78	82	75	100	74	76	90	79	87	90	83	87	79	79	88	83	64	76	76	88	82	71	75	78	86	88	83	78	93	87	72	78	67	71	75	63	94	88	98	59	83	68	92	71	88	80	88	81	78	81	70	63	97	52	73	82	72	79	74	86	84	84	81	100	84	91	68	84	77	63	99	95	103	95	93	87	84	98	85	79	87	86	77	75	70	69	102	64	73	80	81	93	74	78	83	77	92	78	92	82	93	85	75	76	99	94	92	77	66	77	87	82	74	97	75	95	83	72	93	80	93	79	84	90	83	84	89	96	78	69	79	88	92	64	84	90	79	64	79	91	83	74	88	89	89	87	97	92	91	69	103	82	86	77	88	70	84	82	81	75	78	99	79	87	76	86	80	95	85	88	91	79	75	73	103	84	84	99	100	69	69	97	93	96	80	90	82	77	74	74	88	103	78	87	86	68	86	101	98	88	85	100	90	84	89	99	77	86	75	86	106	72	75	91	81	80	75	84	90	85	81	98	78	74	79	81	86	94	82	76	93	75	87	77	83	74	94	74	93	85	70	83	89	66	72	92	94	69	82	69	110	99	71	84	82	91	81	66	74	74	90	70	93	88	91	88	79	96	71	91	97	90	70	92	81	54	99	77	106	98	83	87	83	87	73	81	92	64	84	77	75	81	76	92	75	62	87	61	66	80	73	79	85	98	82	77	82	85	78	100	85	84	96	88	88	71	66	91	85	81	69	82	79	87	86	81	75	87	76	84	80	81	76	77	65	68	88	87	74	79	83	78	73	68	90	93	92	84	67	81	82	93	78	72	93	90	95	75	72	81	83	86	80	90	81	81	87	80	70	88	71	93	69	77	85	82	96	90	94	73	84	85	100	67	73	102	81	69	77	84	64	85	73	68	85	89	92	77	76	102	75	112	96	89	75	74	91	88	72	86	82	77	84	82	79	86	78	93	87	87	76	88	79	89	73	102	84	77	72	69	69	71	69	75
cell53	155	148	154	141	155	134	163	155	158	124	156	129	144	177	155	157	169	137	166	152	114	142	178	150	163	134	143	167	156	160	155	156	172	172	136	148	171	165	163	155	146	141	147	137	137	143	159	150	160	135	174	149	157	159	162	161	145	164	153	199	163	176	159	158	171	130	138	140	146	153	145	161	129	123	149	155	152	132	128	164	134	137	160	183	135	146	165	137	154	130	134	154	136	155	154	143	121	160	134	146	153	121	145	148	142	123	144	148	149	135	162	170	167	132	151	157	134	143	139	153	138	142	145	133	157	149	123	148	162	138	173	159	161	135	171	157	174	167	160	141	155	149	168	141	146	145	106	171	129	152	143	134	141	148	144	162	145	146	154	171	142	134	148	139	159	179	153	146	165	166	148	141	171	157	161	148	149	129	164	152	148	149	159	133	151	165	125	151	162	135	159	162	150	147	154	132	151	151	110	151	155	144	128	180	141	150	161	155	153	145	160	159	155	141	135	141	146	136	144	160	154	132	131	135	140	148	146	141	160	139	173	157	155	149	152	161	132	137	176	145	168	168	149	143	153	159	156	168	154	162	144	144	131	159	162	147	137	150	153	165	157	184	166	145	167	140	140	175	135	170	147	142	132	147	174	162	168	154	135	160	127	132	166	151	131	144	153	140	153	133	143	168	145	148	148	140	165	174	132	131	143	156	165	152	154	144	160	146	138	143	138	145	149	130	151	166	133	179	137	160	153	161	158	146	157	146	150	142	139	146	138	143	142	175	164	170	133	139	168	129	140	167	162	149	146	141	157	145	153	159	138	136	151	151	163	156	159	164	135	167	162	142	158	127	129	138	143	166	156	113	174	139	178	132	141	136	152	135	157	131	146	149	150	159	161	165	160	134	137	149	162	177	156	159	132	126	147	145	151	153	115	136	134	141	143	133	168	153	149	176	159	143	151	132	133	167	156	166	146	157	132	162	125	155	141	148	147	135	125	138	125	142	168	136	133	131	138	158	159	138	169	141	157	141	145	163	186	151	168	188	140	153	160	138	140	156	142	143	138	159	136	123	144	175	147	158	167	185	164	154	170	164	146	139	159	149	148	150	158	145	127	135	148	146	168	136	174	153	132	136	151	153	137	149	123	128	133	136
cell54	179	165	173	170	185	143	170	158	193	163	165	185	164	172	160	148	159	176	169	167	175	166	165	157	185	179	172	182	196	178	144	150	199	169	157	184	174	178	208	165	171	160	182	153	174	170	180	207	161	168	160	173	161	174	169	163	167	179	155	209	199	167	185	193	138	165	163	200	174	176	185	176	197	193	179	187	182	192	192	197	170	160	179	191	186	162	221	146	196	201	180	185	175	133	197	168	160	170	182	176	195	170	176	161	180	147	176	180	156	183	172	183	182	143	174	169	183	154	157	188	157	209	171	169	174	191	158	181	182	176	192	162	217	179	184	183	197	171	152	184	147	159	181	179	199	173	165	174	166	169	167	154	193	174	194	186	184	177	186	189	179	157	186	171	152	200	173	164	171	183	168	139	172	212	168	192	183	178	174	188	189	167	169	142	187	186	151	159	179	161	174	188	163	177	180	179	191	146	175	195	184	193	157	187	165	199	169	195	158	195	167	190	171	179	212	156	166	153	157	186	155	194	186	161	170	162	173	170	167	169	204	163	177	173	171	177	162	150	180	169	187	208	188	179	121	138	103	124	125	119	106	123	117	102	111	116	114	112	119	120	121	115	133	97	116	109	108	120	129	123	105	111	109	110	121	108	132	104	127	111	119	132	114	97	107	131	119	114	119	148	143	102	116	102	127	120	119	105	114	109	127	110	101	130	113	117	116	103	114	112	121	107	109	97	123	113	103	118	117	111	95	121	108	110	84	91	110	106	111	115	107	105	120	109	114	119	101	118	110	99	130	107	127	115	112	104	106	132	112	137	121	93	137	99	123	108	103	122	102	109	101	110	126	111	132	119	129	123	108	117	149	129	89	112	119	121	109	130	119	102	102	121	133	109	110	108	115	116	117	127	97	113	107	112	120	120	104	123	123	124	122	90	110	111	132	96	105	102	101	110	121	102	108	109	111	144	124	94	129	113	117	106	117	129	111	100	109	115	109	104	108	102	110	107	107	119	116	104	104	118	122	130	100	102	107	112	116	109	94	101	117	145	118	117	111	119	119	107	126	154	127	86	113	121	134	116	119	139	112	94	125	112	132	120	111	123	95	103	97	111	86	107	120	95	116	120	132	112	112	120	130	124	118	108	80	110	104	98
cell55	134	96	107	119	104	111	120	109	122	125	114	109	111	137	112	96	120	108	138	133	111	105	110	130	106	130	125	126	127	100	132	113	110	124	117	128	118	131	105	118	118	111	113	115	109	112	125	135	99	115	101	97	124	104	116	138	130	129	86	129	100	125	112	119	109	125	126	124	100	107	135	99	121	120	120	135	137	116	106	130	114	111	119	120	127	118	129	116	119	135	96	138	117	101	102	99	123	104	110	132	120	112	136	95	110	92	100	117	98	110	133	137	97	121	129	105	126	89	112	114	91	124	124	105	141	115	109	155	117	116	104	127	145	110	114	135	121	113	117	121	114	108	123	104	127	125	119	142	113	115	141	117	106	112	122	110	152	121	131	114	124	124	121	111	123	128	103	135	118	116	136	109	102	121	98	121	109	109	104	135	118	107	133	118	123	111	100	122	124	107	109	112	107	106	122	108	144	107	123	128	126	107	113	136	125	131	128	123	110	117	104	126	133	123	117	114	116	111	129	118	128	105	107	107	95	116	119	118	110	125	117	119	122	120	101	107	116	131	154	120	126	107	118	121	86	89	64	94	72	86	73	84	97	93	79	73	85	77	73	84	88	94	72	69	91	80	61	89	78	73	69	80	81	72	73	78	82	82	91	72	96	78	82	75	69	73	80	63	76	84	85	65	73	84	74	81	96	76	75	86	68	82	87	88	86	80	87	81	65	77	80	69	72	75	68	82	61	89	70	84	92	69	69	75	86	96	97	91	79	74	71	64	82	75	95	65	69	77	62	74	70	79	75	83	87	76	79	86	94	91	75	80	79	80	70	70	69	75	69	81	78	71	81	60	69	77	87	89	76	74	73	63	61	75	62	78	88	79	93	70	77	62	69	91	71	80	100	82	79	80	86	76	85	82	92	67	54	87	85	92	94	62	62	81	63	63	84	54	79	75	83	72	68	81	64	81	96	63	88	74	79	64	84	77	85	88	66	73	80	87	83	68	61	93	68	70	69	74	83	69	76	64	85	60	94	90	69	89	68	90	59	110	69	94	78	81	76	66	104	74	76	62	93	72	73	89	78	100	92	72	75	62	87	68	74	71	87	76	72	84	66	67	61	68	85	84	96	57	77	88	88	88	80	65	79	80	51	72
cell56	110	114	105	104	85	80	109	111	106	104	124	99	95	108	117	88	89	102	115	119	97	119	109	104	106	116	100	107	106	108	119	115	121	106	94	102	91	113	111	113	104	101	92	106	122	96	135	111	98	97	101	83	124	90	115	100	99	137	101	102	119	129	107	127	104	108	110	115	119	103	102	96	115	111	100	115	105	106	115	120	107	110	102	102	103	110	125	108	119	114	89	116	82	104	130	89	113	109	91	107	119	111	129	105	100	91	105	108	112	93	128	96	108	98	121	94	110	90	95	107	95	91	131	103	111	117	101	122	103	97	129	121	108	103	93	102	98	122	92	98	95	101	121	108	104	116	90	127	101	97	107	95	91	124	110	91	107	111	104	124	111	104	132	109	130	111	85	97	121	114	108	115	94	113	109	74	108	105	108	136	103	98	98	106	120	124	89	130	112	101	98	93	97	109	97	112	105	93	113	114	100	111	98	118	111	113	97	131	110	103	102	98	108	111	121	94	101	135	85	118	98	122	97	108	104	95	108	102	113	95	125	125	112	108	94	99	101	111	102	100	109	128	102	99	64	59	77	75	80	88	54	68	73	70	71	77	81	69	55	78	58	76	89	48	68	81	69	80	67	69	57	84	66	64	71	53	58	72	82	73	69	76	62	67	69	75	74	74	67	61	73	68	65	78	89	93	82	88	77	54	58	88	67	63	60	58	86	73	59	83	65	64	62	68	84	77	61	75	71	67	63	69	81	68	64	67	66	79	58	73	62	83	81	74	71	74	79	80	64	53	60	72	91	58	53	69	73	73	61	74	64	54	80	76	69	58	74	70	64	74	74	64	84	66	77	75	73	90	81	77	81	86	78	66	79	75	66	77	73	65	65	73	89	91	63	83	77	70	72	62	68	70	67	79	67	70	70	71	77	68	68	69	69	71	74	55	84	72	65	78	78	60	61	70	68	82	59	71	70	86	61	67	71	72	86	70	42	78	75	56	79	80	68	59	60	68	67	70	75	68	73	88	68	62	81	84	83	80	90	56	57	76	79	73	58	77	54	69	68	78	73	75	66	79	55	87	82	71	73	64	74	66	64	61	66	71	74	74	63	84	71	82	61	74	67	79	80	77	74	68	72	56	78	72	76	65	57	58
cell57	96	81	106	100	104	87	94	85	94	93	96	114	101	104	105	101	77	75	103	112	90	104	78	105	97	103	110	100	83	91	93	95	112	93	86	92	104	108	116	91	91	90	95	104	108	107	112	154	128	142	138	145	138	150	148	121	139	147	146	154	157	155	169	168	138	150	143	160	159	148	146	139	158	130	128	92	97	85	102	109	79	60	39	57	0	0	0	56	48	48	106	105	91	105	84	78	92	92	101	78	103	98	89	75	96	89	94	95	91	92	92	97	102	90	103	99	112	104	84	85	94	93	95	81	99	97	97	113	87	75	102	99	108	94	100	96	99	98	78	91	106	105	98	103	110	105	85	132	102	84	99	72	91	97	103	99	81	101	84	86	113	115	108	93	86	113	93	97	106	73	98	92	99	105	104	82	106	93	78	109	95	94	88	97	95	91	87	105	95	83	84	83	87	83	96	91	106	96	81	100	83	105	101	89	86	90	88	113	98	103	106	85	89	111	115	90	103	94	80	119	92	83	81	101	104	79	118	98	83	104	107	112	105	101	87	93	86	103	109	88	114	124	95	93	106	102	101	94	113	109	97	92	93	90	119	87	81	104	85	125	85	114	104	85	102	105	86	116	112	104	107	96	103	94	95	99	101	90	82	80	96	106	108	87	102	113	105	99	86	91	83	105	97	102	88	94	88	107	105	107	100	103	99	89	112	89	119	102	89	92	101	103	96	76	101	112	89	115	109	98	92	113	103	106	83	107	97	107	89	88	106	89	101	94	99	93	90	103	99	97	83	95	97	122	118	106	106	99	107	107	74	109	117	87	96	112	92	129	95	99	98	87	100	86	104	99	104	88	100	87	83	87	96	82	102	83	88	108	84	98	91	108	111	91	119	101	100	105	92	78	83	85	100	109	97	91	90	102	72	82	123	104	102	85	91	79	86	99	91	95	109	117	96	101	99	104	98	94	104	113	104	88	84	81	81	83	85	105	93	87	104	88	117	97	96	89	105	75	97	92	112	116	103	92	95	107	122	84	87	114	89	91	103	103	111	105	105	73	94	112	94	104	114	99	91	100	97	98	74	86	104	108	91	90	94	75	84	83	100	94	107	92	87	96	114	101	116	92	114	102	117	95	112	92	84	85	89	83
cell58	114	84	83	94	122	91	85	101	89	88	102	88	98	116	102	109	110	81	98	93	85	104	119	99	109	96	126	98	106	97	105	107	112	90	95	121	107	115	112	92	106	100	89	99	99	117	98	118	92	114	122	89	115	93	109	109	90	115	93	128	111	98	104	116	100	114	104	98	98	109	100	90	111	100	111	99	127	102	112	114	90	98	94	92	119	89	115	93	113	122	109	106	106	84	101	109	89	82	107	91	101	99	92	82	98	97	104	126	96	89	93	107	99	100	125	107	95	83	87	87	96	103	105	104	106	106	109	115	108	94	92	103	101	94	118	79	110	98	80	101	115	105	102	98	105	100	108	110	106	114	104	92	111	106	103	98	103	109	116	91	92	87	111	95	100	110	103	100	89	110	80	82	103	94	103	86	87	97	101	95	78	86	103	113	103	100	86	106	111	87	101	75	86	105	101	122	124	100	88	80	97	105	90	103	92	97	105	105	112	94	117	88	108	102	104	97	102	97	93	96	105	88	104	89	115	110	103	97	86	96	107	84	104	81	82	105	88	90	106	102	110	121	100	107	72	74	53	76	88	80	77	73	51	61	73	67	64	52	72	57	69	55	63	64	62	70	62	74	58	61	58	75	65	79	71	63	65	83	72	68	66	70	60	65	82	62	64	63	61	52	69	56	66	58	73	66	54	80	70	64	76	69	67	56	69	67	88	56	76	79	86	48	61	65	60	64	50	76	76	60	67	70	66	59	59	73	77	81	66	53	65	58	68	59	64	57	85	61	69	54	88	65	62	48	62	57	78	59	66	71	59	55	68	65	57	59	71	62	68	74	58	73	79	60	61	51	67	90	71	62	65	79	80	54	66	86	78	56	61	60	68	67	66	83	62	68	71	71	75	71	67	71	80	65	53	61	56	81	59	78	72	57	59	67	62	52	60	78	68	70	74	56	53	57	73	71	69	71	66	76	66	58	66	45	59	61	59	72	71	59	80	66	67	61	73	70	67	65	57	62	78	67	64	69	73	67	58	63	69	64	52	88	56	78	47	65	66	56	71	58	70	57	69	76	72	76	61	83	73	70	71	80	60	67	58	59	54	53	63	70	57	77	73	83	64	77	68	70	53	65	62	68	53	63	68	60	61	50
cell59	118	123	107	120	111	108	124	113	135	118	112	126	125	135	113	124	109	123	126	125	100	93	118	118	115	110	117	114	138	115	129	99	105	110	112	121	141	137	133	111	102	114	129	139	113	131	110	103	98	131	107	95	137	115	118	123	108	125	125	128	128	129	114	127	102	109	112	110	106	114	143	125	128	91	98	120	105	126	116	144	129	117	107	116	117	119	143	112	123	117	113	101	108	89	123	108	95	99	125	116	104	96	140	99	107	118	117	121	103	125	124	137	116	92	115	126	118	111	97	120	127	113	120	102	115	116	114	123	118	133	113	110	128	106	131	96	125	106	119	109	119	107	117	119	105	127	111	125	120	117	123	113	126	118	119	117	119	123	99	124	132	108	125	115	118	131	110	103	133	126	144	114	91	119	125	116	114	98	123	127	133	93	123	120	115	124	115	126	107	114	102	122	105	121	114	134	137	115	123	112	120	112	131	117	115	121	134	134	127	129	120	103	107	121	128	116	127	125	120	130	102	102	115	131	116	107	145	124	134	97	144	126	123	117	134	121	105	114	114	138	120	136	141	115	83	94	76	73	108	75	83	70	71	76	87	78	71	79	81	83	84	94	72	76	69	78	76	87	93	77	78	102	69	97	86	77	73	72	83	72	73	78	88	75	82	80	66	82	72	78	79	73	84	82	72	77	84	81	68	74	81	100	72	80	87	64	85	67	70	79	76	92	73	66	82	88	77	82	73	73	80	76	64	76	75	79	68	71	70	81	82	76	81	56	73	87	69	67	70	58	102	82	92	65	70	67	91	82	81	85	74	64	87	76	78	70	61	78	70	96	80	89	84	73	81	98	84	89	72	73	77	90	83	92	78	90	68	82	71	79	77	108	69	87	93	95	92	93	85	74	76	66	77	80	53	67	73	77	74	82	81	66	90	71	74	72	78	68	57	79	85	74	78	73	76	71	73	71	78	85	67	72	79	77	76	67	76	61	74	70	81	72	69	75	81	88	78	82	90	74	79	86	84	70	66	104	69	79	83	70	64	70	77	87	66	87	87	98	87	72	74	79	94	106	77	84	75	94	75	62	80	85	86	70	70	76	75	85	93	77	72	73	53	107	83	71	97	78	85	75	71	77	87	67	68	73	73	74
cell60	184	142	145	158	142	176	166	138	153	155	161	160	181	150	163	127	127	151	160	174	149	167	152	157	162	155	138	180	144	161	162	160	165	151	144	142	160	176	175	155	173	126	155	180	162	164	142	171	145	154	129	132	165	174	132	167	155	172	145	182	161	151	161	176	144	172	158	161	154	162	157	151	150	137	158	135	163	153	146	181	156	156	160	154	149	146	142	167	173	171	153	164	165	158	145	159	133	148	145	159	184	141	155	130	145	141	159	173	179	165	157	160	164	156	188	127	172	178	139	152	139	154	166	147	158	148	126	165	158	149	141	171	147	145	155	142	168	162	164	173	182	158	193	172	169	162	177	167	152	133	144	155	135	145	164	149	163	161	177	150	159	168	173	160	156	175	160	170	151	146	154	162	120	154	150	169	168	177	154	159	170	149	175	144	182	179	141	174	158	154	157	157	131	147	155	152	153	156	136	172	165	148	184	157	156	162	166	172	145	150	173	173	195	143	173	167	164	133	165	162	139	163	129	158	151	161	174	128	155	162	187	172	170	155	159	162	168	173	167	161	166	169	186	140	119	118	106	108	129	114	112	107	102	110	100	116	108	130	113	108	107	114	136	87	123	92	92	120	120	107	91	101	102	105	117	98	87	94	112	122	96	91	103	109	103	95	76	98	94	104	96	98	101	103	121	118	96	99	108	86	104	101	109	119	104	117	100	86	98	117	94	91	100	98	112	122	88	100	125	107	108	96	73	88	102	95	114	99	101	96	111	93	111	110	110	102	113	116	110	91	133	109	104	96	108	98	117	118	91	108	107	112	100	90	105	89	98	110	103	93	105	99	98	100	98	91	97	118	120	85	109	87	104	102	124	120	112	111	115	96	98	123	113	105	100	116	110	112	97	100	100	109	99	124	104	94	116	117	102	113	106	96	91	98	80	102	102	108	100	93	102	112	127	108	113	117	104	118	113	94	89	81	91	114	108	103	105	109	108	100	102	120	107	84	108	84	118	88	112	119	125	109	105	83	105	128	121	101	107	122	90	121	83	97	108	115	114	86	98	75	112	79	107	103	110	105	113	120	94	88	128	119	96	100	93	101	93	101	106	116	102	99	108	108	103	105	102	102	108	99	101	115	108	91	112	101	78	90
cell61	198	201	171	210	173	169	205	201	201	204	176	224	216	224	211	168	170	199	192	183	215	180	202	197	183	219	187	210	195	195	214	216	221	192	196	181	204	221	206	205	239	172	239	226	178	183	207	212	199	200	194	184	184	208	198	236	206	222	211	225	216	209	219	206	201	197	197	197	184	194	198	212	204	202	199	187	188	204	184	243	194	206	196	173	196	202	214	215	181	228	197	222	188	207	193	203	203	156	195	183	202	178	201	160	178	198	219	228	191	186	225	208	193	169	217	186	195	199	177	194	182	194	196	230	195	185	200	249	204	223	195	236	190	176	194	206	225	224	206	212	226	186	176	192	208	194	202	233	185	204	217	181	180	220	218	191	203	205	234	211	200	161	197	222	196	241	195	220	197	193	191	179	206	206	209	189	197	184	205	206	206	192	187	217	212	221	206	201	221	190	191	200	181	217	196	227	188	212	200	188	215	193	197	223	197	225	204	217	208	205	214	188	196	190	233	228	206	203	200	231	202	196	199	167	198	200	213	221	226	200	236	202	212	199	170	191	175	215	203	213	219	216	205	188	114	142	135	143	148	128	134	133	128	117	124	134	145	130	125	123	119	129	140	130	146	132	126	129	141	125	138	131	139	146	147	114	131	151	141	127	144	115	142	157	142	135	128	135	152	132	152	165	128	110	152	130	133	153	125	116	114	149	143	150	141	132	178	122	144	130	155	106	150	105	154	121	127	138	132	131	137	145	120	129	136	135	142	123	125	110	129	147	120	143	161	128	125	136	114	113	129	134	153	136	129	116	146	143	145	141	124	104	145	137	132	149	136	134	126	161	123	143	117	127	130	120	129	138	143	115	131	133	135	120	135	146	137	123	149	127	154	140	143	119	148	138	159	116	128	138	145	148	131	122	108	110	124	130	127	138	147	139	132	116	132	117	139	148	153	115	133	118	118	148	128	148	116	134	153	143	120	131	140	142	135	136	127	142	126	127	134	120	137	151	148	126	115	122	135	151	147	162	130	136	137	148	138	150	124	152	131	149	136	125	138	121	155	133	140	156	132	124	138	143	151	159	150	123	137	130	145	119	149	132	144	133	113	117	134	159	134	137	132	145	135	150	138	133	141	134	146	117	134	127	115	110	123	144
cell62	118	115	112	115	107	112	131	109	108	97	120	99	118	111	116	111	111	103	118	101	98	113	107	132	108	114	107	114	128	123	117	128	114	157	123	120	120	97	124	110	104	116	124	104	119	108	109	118	99	112	110	96	130	103	98	114	122	150	124	130	109	135	127	119	115	109	121	109	104	112	117	126	126	101	120	118	111	109	101	143	92	109	116	137	122	124	136	107	111	120	101	132	97	118	108	118	115	114	109	117	121	109	109	97	107	99	110	140	113	116	135	116	122	95	114	126	140	97	92	105	114	111	122	113	129	111	105	118	106	125	125	113	134	105	118	113	114	124	109	115	99	114	97	102	113	125	104	142	95	129	128	113	113	122	100	118	110	116	95	117	108	113	89	138	132	119	110	112	117	128	117	93	108	110	99	110	108	127	91	106	103	115	103	114	114	134	131	136	117	93	93	117	115	106	103	108	115	141	115	114	119	121	121	138	104	119	120	131	143	109	115	124	128	111	118	99	107	106	98	119	100	111	115	96	113	121	89	112	120	103	116	130	119	101	121	113	126	108	115	120	106	136	122	111	110	120	114	121	86	125	125	127	129	112	129	122	122	116	114	100	119	137	119	105	129	122	106	121	135	111	114	101	108	128	126	133	110	103	118	132	106	97	127	122	106	119	123	116	125	98	120	113	109	106	110	121	118	122	122	106	109	111	97	121	121	126	147	99	134	97	138	103	105	105	113	128	109	140	122	111	109	122	100	108	115	104	113	116	117	94	96	115	103	117	113	114	101	116	89	111	105	117	120	114	113	99	108	119	95	109	127	102	108	117	113	110	140	103	122	117	106	112	111	94	131	102	93	114	123	117	116	123	126	120	122	116	119	95	119	112	101	136	117	111	121	114	132	111	111	104	110	126	107	98	123	113	113	143	102	106	116	96	108	113	111	109	126	125	116	115	123	104	117	119	98	134	94	115	109	138	111	109	111	117	109	97	115	120	111	106	114	107	120	104	105	119	103	117	110	119	145	117	128	117	113	119	133	94	128	128	104	115	121	133	109	105	116	95	122	129	124	122	123	91	112	125	108	123	113	112	109	105	132	113	120	107	114	92	130	132	103	108	104	120	127	113	116	101	115	123	126	119	120	105	102	109	97	105
cell63	85	52	71	61	63	65	68	94	81	74	90	74	106	77	79	76	56	68	83	78	75	85	66	71	94	72	66	78	71	64	67	70	95	69	67	65	64	66	83	79	76	61	71	68	78	82	67	76	70	68	65	77	70	68	74	73	74	73	66	71	76	80	77	91	65	83	75	73	74	72	61	63	63	62	68	69	71	73	66	89	74	81	68	61	80	83	78	70	81	84	78	65	78	77	67	75	80	61	68	62	71	74	89	59	72	60	78	69	70	74	71	80	69	69	64	79	81	66	59	74	74	81	60	81	82	60	69	72	66	69	79	69	65	59	81	71	74	81	75	100	66	86	74	70	77	75	64	83	87	77	91	72	80	88	75	74	68	79	61	59	73	68	72	90	79	73	75	74	62	80	69	76	69	81	60	83	81	69	79	72	81	57	73	67	61	81	74	64	87	62	75	81	84	76	94	66	93	66	73	70	81	66	87	79	65	70	74	83	73	83	62	63	73	61	74	89	76	56	77	67	69	50	74	66	56	87	79	78	85	66	90	77	79	77	64	73	80	79	74	94	67	80	71	61	55	47	62	44	50	46	54	51	44	48	45	47	45	50	43	47	49	59	54	51	52	40	54	55	44	54	36	45	40	56	53	42	54	53	55	40	46	33	47	54	40	48	38	42	44	47	49	50	41	47	44	32	52	50	53	41	47	44	46	51	44	43	55	52	58	57	53	36	57	53	58	54	54	46	37	50	52	50	33	41	45	45	65	52	54	69	53	41	53	35	58	38	50	37	35	42	54	48	52	62	44	54	63	55	56	50	59	30	51	55	46	53	53	51	60	56	57	34	52	41	46	52	54	59	44	55	61	45	51	44	66	54	50	50	50	43	53	52	43	56	43	62	62	46	46	47	43	63	55	42	47	37	58	48	45	59	67	42	40	46	54	41	54	41	46	53	38	55	39	44	44	52	58	45	56	55	47	38	40	40	46	48	53	42	46	44	52	52	47	52	54	41	49	40	60	58	45	53	57	45	40	54	62	54	48	51	46	52	60	42	54	51	55	42	53	58	71	51	56	46	54	58	54	54	51	53	61	45	44	54	50	42	41	50	44	53	35	43	46	52	49	42	53	39	43	59	55	50	58	41	58	43	35	41
cell64	151	157	147	139	137	158	157	190	167	148	146	140	151	161	146	137	160	169	160	158	151	169	151	169	134	152	170	147	170	159	154	158	185	162	180	164	162	161	189	154	147	148	160	158	162	168	156	151	148	153	156	144	161	165	161	154	138	143	146	160	168	167	153	170	169	156	162	178	147	160	182	175	152	157	166	154	149	147	160	150	153	136	162	164	154	142	183	168	159	170	145	167	167	127	147	142	146	146	153	145	155	151	171	125	128	134	155	170	155	160	135	172	150	162	160	140	182	150	162	152	144	164	161	168	163	159	159	170	160	160	161	167	178	153	177	149	174	167	152	176	182	166	169	170	147	135	155	185	173	171	181	136	149	145	148	147	165	174	152	187	154	160	155	155	163	191	140	188	150	140	142	157	151	156	153	149	142	152	140	146	164	151	173	162	149	149	155	163	168	146	151	184	151	143	166	167	182	143	137	173	148	169	158	154	145	163	172	179	154	158	159	153	152	158	151	147	164	144	146	162	158	136	162	137	161	156	139	160	150	140	190	166	165	155	187	167	137	143	170	154	161	179	150	154	105	101	104	103	140	115	104	99	106	123	125	103	110	109	103	105	108	124	119	79	124	119	100	114	124	96	109	100	102	94	110	113	100	106	92	99	85	104	97	102	85	110	84	85	109	101	108	104	105	98	105	130	114	99	102	109	98	117	93	107	97	119	109	106	112	122	109	99	119	110	104	122	97	115	96	105	97	115	119	95	92	106	106	106	92	109	115	108	113	89	130	106	82	114	114	85	128	75	116	103	99	97	117	96	101	138	101	114	118	113	104	113	96	110	107	102	101	90	117	95	96	103	115	121	109	102	115	94	111	90	127	117	114	104	109	97	107	103	102	111	107	108	133	109	118	102	101	109	125	91	117	106	84	112	91	109	107	110	113	109	121	102	102	95	100	110	109	89	115	109	105	115	121	110	100	127	99	86	110	90	87	100	104	90	111	102	88	95	96	85	105	100	95	98	111	98	114	118	110	97	122	95	105	105	102	81	90	120	90	131	123	85	110	97	113	99	87	80	104	100	97	111	102	130	101	93	116	118	113	106	106	108	91	131	98	114	100	82	86	114	109	113	106	99	115	101	115	108	106	116	89	112	74	101
cell65	126	157	152	138	141	138	155	133	148	164	134	148	139	160	151	135	142	156	168	140	144	155	174	147	152	144	164	155	159	155	168	152	157	148	145	149	158	157	160	154	144	157	157	154	150	155	134	147	135	153	123	148	170	141	138	161	150	160	157	146	161	140	136	158	132	160	156	144	147	136	165	128	148	142	141	148	138	139	139	143	144	135	150	162	128	151	174	147	148	136	150	162	161	129	152	115	120	150	147	146	131	137	159	134	140	149	134	147	169	139	149	129	144	140	140	155	164	137	149	142	135	132	150	127	143	145	136	155	145	138	122	145	134	121	159	131	155	128	161	163	147	139	167	167	141	139	138	173	133	161	177	134	159	134	138	127	153	138	138	140	157	124	146	145	152	157	150	162	171	159	161	128	142	165	149	145	160	161	142	145	163	150	155	163	167	155	162	139	153	148	153	149	141	158	158	167	168	167	145	151	139	119	155	143	153	148	156	135	167	127	145	170	179	154	143	157	119	141	158	149	162	123	141	140	131	133	145	153	156	151	158	131	150	142	140	133	130	135	143	146	156	150	177	131	92	94	93	100	118	104	91	90	107	87	95	107	92	121	103	98	103	104	91	93	109	99	91	96	100	92	102	97	91	94	104	93	78	82	113	105	86	103	98	91	112	89	102	91	92	93	107	101	119	101	114	106	100	96	108	94	96	100	96	97	89	106	104	95	91	92	102	99	98	88	126	115	88	109	93	89	112	106	94	103	86	96	103	101	95	110	89	114	93	121	102	90	105	88	85	89	113	100	94	112	106	90	102	90	99	105	82	88	92	93	85	80	71	84	89	87	90	93	89	88	117	77	99	104	93	76	102	105	99	90	89	102	107	112	99	98	119	117	99	106	111	89	118	98	89	108	82	95	91	97	90	87	104	92	79	86	86	88	94	82	86	92	105	99	106	107	101	104	87	92	97	80	103	115	89	109	80	78	93	99	97	94	106	106	96	93	104	95	112	102	91	102	115	100	97	98	94	90	96	101	98	104	94	94	113	97	86	95	114	85	106	88	88	85	104	97	110	103	103	93	89	101	118	103	96	83	93	97	107	90	98	105	93	89	93	105	76	104	95	101	86	101	92	86	109	92	119	114	99	77	100	81	98	116
cell66	118	137	97	96	81	105	89	91	92	100	116	108	118	98	100	92	116	130	124	89	103	120	101	96	117	113	102	109	121	117	108	125	110	117	106	120	116	85	128	94	113	103	119	115	93	114	122	174	137	199	152	152	153	136	167	177	161	197	161	144	197	159	167	167	159	162	184	177	150	167	175	154	161	152	169	109	90	113	93	116	113	52	51	56	52	45	59	45	43	57	118	105	92	120	95	85	109	101	102	92	92	104	113	82	122	116	107	126	100	110	112	103	105	111	105	115	97	109	88	96	98	94	99	105	128	109	111	133	122	117	114	107	129	94	126	109	100	103	111	101	116	108	101	105	97	115	115	122	115	107	91	105	119	100	101	121	120	97	112	125	120	102	120	100	106	123	108	107	97	98	100	100	96	115	108	111	111	106	117	115	106	97	94	106	116	132	95	127	101	96	100	112	111	118	106	111	119	111	107	106	108	103	120	110	107	103	111	110	125	100	96	96	119	95	100	116	118	94	88	97	112	97	105	97	105	99	103	105	97	111	123	108	112	103	106	107	110	91	90	103	111	121	126	124	99	108	105	126	103	131	114	108	100	113	119	114	114	115	108	101	88	106	114	110	129	120	89	99	103	109	86	93	105	101	124	116	115	120	129	100	103	115	92	129	83	108	109	101	94	89	106	115	107	119	111	127	103	111	111	107	126	111	100	115	108	105	122	106	111	97	116	98	103	87	113	114	92	108	105	120	108	100	93	101	104	112	100	119	104	92	113	99	108	108	106	110	111	108	110	100	125	93	116	125	103	94	102	120	98	97	104	89	96	101	105	108	116	113	109	108	100	131	104	83	114	106	110	92	115	109	109	103	115	125	119	128	98	99	103	86	101	120	107	141	91	120	100	117	111	103	112	106	100	91	109	95	131	124	107	97	108	104	117	110	94	104	99	110	109	113	95	83	127	96	110	116	121	108	112	124	109	103	108	99	113	92	108	105	125	98	93	104	109	124	114	99	108	98	119	107	123	108	104	100	114	109	124	108	118	127	102	120	114	109	128	107	105	110	106	121	117	113	113	86	104	104	98	121	102	109	103	109	86	118	96	132	85	100	93	102	89	114	114	102	113	114	114	112	118	94	119	131	117	104	96	108	88	95
cell67	161	145	144	155	151	169	150	129	143	157	162	151	190	180	148	149	163	140	149	131	165	159	140	158	161	173	159	142	158	134	155	133	173	170	148	156	182	152	159	143	157	146	150	156	149	148	129	142	162	151	158	144	150	150	132	185	167	131	162	176	157	151	176	176	154	128	126	130	155	168	140	144	155	139	161	161	183	145	124	186	130	160	143	164	162	167	181	160	150	158	154	167	148	142	136	145	134	161	127	136	155	147	161	115	139	151	158	167	153	167	157	167	161	138	143	161	151	138	149	151	128	169	134	158	159	151	157	145	130	141	169	158	181	137	140	145	178	126	135	156	174	163	195	152	158	147	147	183	170	166	165	158	138	165	153	160	167	164	154	159	167	144	165	143	142	157	128	160	147	182	148	130	146	170	137	150	147	139	158	179	157	137	161	158	140	175	149	154	170	140	142	134	140	154	163	171	161	132	151	150	150	144	157	139	146	162	176	158	179	150	161	185	167	134	172	153	179	138	143	169	171	140	148	164	145	166	151	164	169	139	161	160	146	158	147	135	122	158	175	176	161	185	151	157	130	178	146	151	162	171	143	157	142	174	167	156	148	150	136	151	146	150	158	131	127	151	137	167	160	163	147	140	152	150	149	155	172	167	129	148	140	150	170	137	137	173	137	134	163	164	144	175	164	150	131	151	167	156	191	130	143	166	158	185	142	161	172	153	164	135	147	162	169	138	168	180	142	150	142	152	176	165	166	127	148	156	163	167	152	145	152	146	133	178	162	152	148	140	144	136	156	133	172	175	117	129	157	160	177	143	156	145	152	168	151	162	149	149	144	152	172	174	166	158	152	142	159	146	176	142	185	163	155	156	159	150	135	148	138	144	137	180	138	135	167	178	166	145	151	141	152	169	160	186	152	172	150	161	132	139	151	129	159	159	133	133	136	173	160	165	167	153	155	167	137	179	145	149	159	169	167	133	164	151	151	148	138	163	145	160	155	149	156	144	154	144	144	172	137	151	172	182	152	132	158	179	166	146	150	164	152	174	143	157	126	148	154	145	171	163	178	139	155	129	174	169	170	168	150	145	181	149	159	149	142	142	140	143	165	182	139	146	134	158	158	152	162	148	154	153	176	156	154	145	141	153	129	150
cell68	64	86	92	77	84	79	81	89	65	71	97	65	78	65	63	84	87	64	69	88	76	76	103	89	69	75	82	86	74	85	75	76	97	84	68	76	70	73	86	88	79	75	83	85	85	65	73	78	62	71	86	75	68	75	78	82	73	85	76	87	100	84	85	69	90	61	87	78	81	74	74	68	90	69	82	72	78	91	77	81	88	73	92	77	64	73	78	84	77	70	66	76	69	61	78	77	61	71	75	70	70	85	95	76	96	66	90	83	64	78	95	90	90	78	86	63	79	69	72	89	63	61	71	85	82	60	73	97	65	67	88	72	79	75	86	84	82	88	84	101	76	97	80	70	80	71	80	92	71	80	83	71	75	77	70	89	82	67	74	81	76	76	95	80	74	94	92	78	73	76	79	73	63	85	75	71	65	95	64	84	89	78	69	60	79	101	64	78	77	72	70	76	81	73	90	95	98	84	75	85	75	75	87	61	85	83	105	73	89	93	98	77	85	78	80	95	80	66	75	75	71	56	86	75	74	95	86	83	75	78	84	71	78	73	84	86	63	61	72	75	68	56	97	76	55	49	36	59	58	63	55	45	49	48	53	36	52	60	56	41	46	56	61	44	46	53	34	49	49	53	44	40	40	40	61	49	51	48	62	44	50	40	44	55	47	53	56	47	56	56	47	43	59	48	47	70	44	58	48	54	50	58	49	54	51	42	63	54	53	50	51	48	63	43	51	58	47	51	65	49	45	54	46	44	48	53	63	56	52	46	51	60	53	67	45	46	51	57	53	56	52	44	59	50	52	50	43	47	47	50	54	54	54	51	56	67	45	50	61	46	57	57	47	45	59	49	65	55	55	50	58	64	54	50	63	53	50	54	63	54	48	52	55	62	48	49	60	45	55	62	54	55	50	54	49	54	59	48	53	48	62	55	48	41	58	40	35	54	52	50	71	57	49	53	52	49	41	61	49	48	63	44	51	43	71	62	67	40	37	62	66	53	45	56	48	53	40	45	48	48	45	61	53	48	47	64	55	66	51	63	50	52	59	52	42	61	48	50	56	56	50	41	49	44	57	47	44	59	62	45	52	61	57	47	47	54	64	54	48	57	43	64	48	51	66	56	60	52	42	60	49	49	67	55	54	47	54	41
cell69	96	117	107	119	101	125	125	106	128	114	107	120	143	117	127	126	94	114	120	136	104	104	141	122	105	110	114	132	132	135	127	110	115	124	117	117	108	118	117	111	112	114	134	121	111	119	100	116	145	127	134	127	142	150	117	127	107	134	116	135	138	130	116	130	113	122	124	126	129	133	134	101	122	108	118	130	125	110	117	105	107	113	122	123	140	113	157	122	136	127	110	143	113	121	120	130	89	102	100	112	121	115	127	106	111	110	125	131	112	123	144	124	124	114	121	118	132	122	105	90	93	112	115	117	132	112	100	125	124	114	136	116	132	124	120	101	107	141	145	132	139	133	143	111	117	125	128	153	117	120	139	100	115	131	124	119	97	122	139	142	133	99	134	115	137	143	119	117	107	125	94	106	122	122	115	117	132	139	135	137	131	115	124	118	128	130	119	111	103	106	121	135	123	114	129	121	123	109	116	126	121	118	129	113	98	134	132	105	122	104	132	130	126	109	120	107	132	109	113	120	140	127	111	117	101	112	111	127	127	116	136	122	147	118	117	135	123	140	138	102	125	126	129	112	71	105	85	88	93	87	95	84	76	78	80	79	90	77	78	62	83	85	94	70	85	87	71	73	78	96	77	88	87	84	88	74	75	90	82	77	75	90	86	71	72	88	71	91	73	76	80	76	85	79	89	84	77	71	75	84	74	74	75	94	71	69	97	73	85	83	83	77	86	70	87	86	65	73	76	94	86	77	86	61	70	76	89	83	71	70	98	97	74	83	81	63	89	75	77	61	85	79	100	80	81	76	86	67	79	82	84	66	78	81	80	86	77	78	91	87	78	96	60	79	70	65	81	73	78	73	98	78	86	70	82	80	69	73	77	58	79	89	78	103	80	86	84	86	89	86	82	78	70	77	81	76	82	85	78	80	90	74	80	74	75	77	71	72	86	88	101	71	72	93	78	83	72	87	79	87	84	69	84	96	74	85	72	77	78	77	69	77	71	68	82	75	75	87	66	79	93	68	95	84	92	97	80	73	80	91	80	102	80	75	64	77	84	61	75	90	76	81	71	80	83	86	93	100	77	77	96	68	70	74	86	79	89	66	87	74	68	62	83	78	75	84	76	72	77	84	100	73	87	85	58	77	75	83
cell70	125	101	113	104	120	123	129	130	114	115	101	112	132	125	113	111	108	105	103	119	108	119	116	105	115	115	113	144	125	124	115	115	142	123	90	128	116	125	103	123	109	109	107	124	111	105	123	114	119	94	105	92	112	93	122	112	123	117	112	129	99	98	132	128	127	103	119	145	119	83	107	128	122	128	111	118	104	95	114	108	106	127	105	112	113	136	106	112	127	116	136	119	103	101	100	114	115	120	127	99	107	132	119	96	110	108	96	112	100	89	111	137	99	116	113	116	127	90	107	129	89	129	119	94	164	118	106	125	110	104	127	119	103	109	124	108	124	116	108	108	106	109	118	124	112	107	117	133	123	109	122	106	100	110	93	109	116	113	120	121	124	82	119	119	136	147	96	131	146	121	87	102	119	97	111	130	107	123	121	151	125	99	116	98	128	113	102	107	116	108	108	112	142	107	117	113	126	118	100	127	113	104	134	112	97	132	134	137	109	101	134	115	135	102	108	122	113	109	106	108	100	119	139	113	99	110	117	106	118	125	107	129	101	113	121	111	112	104	109	109	124	122	137	124	117	118	93	111	125	120	131	120	120	117	120	119	114	130	111	132	115	126	124	102	127	116	93	140	116	111	90	121	90	107	114	122	123	126	115	112	117	104	120	104	106	88	104	116	115	102	106	104	105	106	114	124	97	127	117	103	104	119	93	124	111	101	133	94	100	114	104	100	106	103	112	122	99	121	135	111	107	132	134	108	127	122	118	120	110	106	125	116	101	128	134	106	123	117	111	103	121	116	111	118	130	116	132	120	111	104	109	110	129	123	101	129	107	110	108	109	107	124	123	82	128	120	118	110	106	113	115	107	109	109	123	127	108	124	115	113	101	117	123	119	117	117	137	128	90	116	107	122	98	110	109	121	109	111	93	108	129	100	112	112	115	120	106	109	113	119	121	108	116	112	97	134	103	97	127	114	112	111	113	114	109	135	117	127	90	98	115	106	109	111	118	118	95	125	121	104	119	130	136	107	109	120	127	101	127	113	107	123	104	109	101	83	119	91	106	106	113	100	118	114	134	131	131	108	113	119	120	106	101	121	116	118	108	117	91	120	108	113	106	103	133	110	141	113	102	109	143	101	121	101	127	114	106	96
cell71	75	59	88	81	95	83	94	99	76	66	95	91	84	97	86	82	86	101	90	86	78	80	98	97	92	84	81	94	82	99	81	96	108	97	105	79	94	86	99	110	79	81	86	86	96	83	78	91	71	97	85	73	85	81	110	76	83	92	84	104	88	106	90	95	105	86	92	104	77	83	99	79	84	96	64	97	78	92	72	91	75	79	102	90	70	105	88	105	95	93	95	103	79	82	75	96	86	85	95	98	95	74	106	77	85	75	90	101	76	86	101	100	97	66	93	75	97	86	86	88	65	78	78	100	103	96	87	109	77	87	72	107	78	87	103	91	107	94	98	102	88	79	115	93	77	79	87	101	117	98	89	79	78	112	85	84	105	106	106	101	87	76	91	78	74	99	74	85	89	86	68	93	94	90	100	93	96	96	77	78	85	97	83	86	66	79	79	94	71	71	101	91	85	77	92	83	91	116	76	111	100	96	86	103	79	98	97	89	103	64	89	87	79	75	91	94	103	91	101	94	103	68	99	87	107	89	104	106	95	92	115	85	101	89	97	69	83	98	98	94	99	95	95	80	69	56	61	57	67	65	54	49	58	59	74	60	54	50	50	58	45	67	67	61	59	59	52	68	56	64	48	48	71	41	67	50	53	68	58	71	55	63	60	58	67	75	54	50	60	62	60	62	59	52	64	54	66	73	68	52	60	75	64	57	73	58	59	54	78	55	57	46	47	57	57	72	44	71	57	63	56	78	67	50	67	59	69	67	56	53	63	66	58	62	72	63	48	76	65	51	64	62	68	65	53	63	71	68	62	61	52	49	65	80	56	91	64	60	55	58	56	65	64	62	70	58	59	57	55	50	65	58	56	57	60	71	65	72	53	56	53	66	50	67	77	65	67	60	70	65	56	57	70	61	59	52	58	70	54	67	71	53	56	62	67	66	70	59	65	52	70	56	59	60	51	57	61	65	60	64	71	51	59	59	46	51	65	63	52	61	59	66	58	55	63	58	49	48	48	52	56	59	73	51	55	62	67	45	70	64	47	60	61	60	52	47	62	61	62	74	65	68	66	58	60	66	65	52	74	61	54	73	62	73	50	62	67	54	56	53	48	51	56	49	68	70	49	65	53	66	71	82	57	55	55	52	59	45
cell72	235	214	221	224	218	211	231	219	239	219	221	240	228	250	219	220	185	237	225	236	206	189	237	231	215	245	233	240	242	230	196	226	247	228	210	229	217	214	239	217	226	216	212	236	214	218	217	203	259	223	207	203	223	216	232	224	194	238	195	267	246	224	239	248	230	173	213	241	203	232	216	251	226	236	235	230	256	213	224	262	206	199	207	196	225	227	221	221	236	236	223	227	202	217	199	194	222	237	197	212	207	201	232	181	198	182	208	219	232	195	249	230	250	189	233	221	230	197	207	233	213	214	202	211	226	235	216	239	224	204	202	223	249	211	230	212	242	232	231	205	221	224	241	236	231	203	240	253	221	229	240	192	197	238	213	222	217	215	238	231	221	239	228	229	234	252	214	250	218	246	220	204	222	216	206	203	221	211	248	268	224	213	207	215	222	222	193	208	217	213	210	212	208	216	243	222	260	219	203	195	207	215	241	250	228	233	216	230	253	233	230	211	255	186	182	221	240	201	221	233	236	228	207	226	250	224	239	214	222	203	264	221	233	251	189	236	193	229	227	202	220	231	222	192	150	132	136	164	171	145	153	144	160	145	170	165	150	152	141	143	132	163	149	137	170	158	117	163	162	165	160	167	139	157	148	129	155	155	168	152	150	147	138	138	151	131	128	163	160	156	144	144	160	155	151	152	153	168	132	133	136	152	152	159	156	144	160	158	145	154	151	125	145	157	148	136	134	176	140	167	172	164	159	137	121	159	145	157	141	125	148	163	127	150	155	155	156	155	144	129	157	158	188	123	145	130	130	162	144	142	127	141	141	159	145	163	135	153	136	121	139	151	160	139	159	139	128	163	172	145	163	156	158	138	141	155	143	138	166	132	136	179	150	155	165	147	192	129	140	141	118	147	150	152	130	124	152	136	134	144	155	126	139	163	146	148	130	152	140	159	153	123	138	155	147	156	147	145	166	172	150	156	129	134	148	142	152	163	140	132	138	130	136	154	147	145	144	126	152	135	169	172	134	153	168	159	150	160	157	155	109	161	168	157	124	165	143	158	149	153	156	152	160	171	151	159	133	168	151	138	176	155	151	141	148	135	159	174	160	166	127	157	136	160	140	171	171	143	161	153	159	176	148	155	155	172	139	112
cell73	163	161	147	171	146	176	185	135	146	157	147	162	178	181	177	126	142	131	173	169	137	130	153	139	167	152	150	153	159	158	158	142	167	172	159	178	156	175	154	155	158	170	147	150	148	183	170	168	146	146	168	153	151	176	151	183	163	159	162	207	157	182	161	155	167	153	155	171	158	154	165	179	159	169	157	151	176	158	163	173	167	148	156	158	159	169	179	163	163	173	139	183	154	140	149	140	154	149	157	154	158	158	158	140	151	149	159	153	154	152	174	174	169	135	176	141	200	136	154	167	142	152	163	133	178	150	159	190	136	161	144	181	145	158	169	179	170	153	192	155	156	152	157	145	144	151	166	202	155	149	156	146	146	160	143	156	173	156	145	166	159	165	166	158	155	183	169	159	171	159	154	145	148	140	167	162	154	150	155	162	172	161	123	149	121	152	169	142	180	153	165	156	135	175	155	156	145	159	157	162	153	147	135	163	162	169	162	173	150	151	176	163	177	148	158	156	168	128	151	162	163	155	140	151	160	166	174	167	156	154	171	144	171	192	149	152	139	150	163	136	177	186	184	139	109	97	105	135	127	101	133	83	106	118	94	99	117	105	86	122	114	124	107	110	94	104	83	111	110	126	101	106	93	95	134	99	97	118	108	106	99	106	118	89	94	101	124	110	104	112	119	100	131	126	117	101	113	118	123	117	96	114	100	106	89	115	135	110	111	99	105	95	101	110	132	111	106	124	97	111	109	115	102	95	95	126	107	104	94	86	102	122	103	101	96	86	105	98	106	87	113	79	110	127	98	104	119	93	97	103	108	113	116	102	97	115	109	99	110	107	117	106	101	91	101	119	111	115	121	99	114	117	124	95	129	121	111	115	88	110	106	108	108	108	105	135	96	127	102	112	104	119	86	105	115	88	114	112	104	120	114	88	93	94	89	119	100	116	123	112	106	114	99	116	113	117	91	112	108	119	114	118	119	101	122	105	104	102	93	112	101	92	93	95	100	110	107	85	101	124	133	113	117	95	114	122	100	136	100	103	114	111	121	118	98	138	105	98	98	107	110	96	105	121	116	112	112	111	107	75	126	123	92	116	94	105	108	103	104	118	109	98	96	134	101	132	105	111	97	100	110	96	112	111	105	95	89	98
cell74	170	175	203	181	157	188	174	171	185	198	160	155	185	183	200	165	166	202	173	190	182	201	185	186	182	170	189	220	172	175	175	191	182	198	188	163	190	178	195	186	196	168	196	171	178	171	180	163	176	175	174	147	192	176	191	182	202	191	177	187	182	218	213	188	187	186	190	196	173	170	199	174	203	194	183	185	198	193	189	203	185	195	165	179	169	171	188	162	190	200	173	175	178	192	190	188	147	146	154	163	202	157	192	176	192	162	197	170	151	159	198	198	187	172	178	191	215	180	160	185	157	159	185	170	189	198	162	199	170	193	190	183	217	150	174	177	231	173	159	190	202	172	200	193	178	182	192	201	181	174	207	161	196	178	201	184	169	230	185	188	203	193	202	188	159	197	194	183	192	183	182	174	168	172	199	197	176	196	192	182	183	173	175	211	169	172	197	198	224	186	159	165	183	178	190	169	200	174	174	164	194	193	172	168	165	217	218	190	200	204	226	186	193	200	172	191	188	186	188	194	166	184	169	183	173	198	192	192	189	192	240	197	166	187	169	196	162	195	170	157	193	182	213	165	117	133	126	132	143	145	143	133	123	119	124	112	132	138	111	131	125	123	143	111	111	127	100	118	145	131	104	133	117	120	119	116	124	130	116	120	120	121	134	111	125	122	121	131	139	119	106	132	146	123	140	134	123	133	108	124	121	130	138	128	131	132	147	91	108	117	128	114	120	121	127	152	103	129	119	151	117	118	133	113	129	118	150	116	98	119	123	139	132	134	111	126	120	131	110	118	124	137	153	131	143	120	131	136	101	122	126	107	112	116	115	108	131	130	133	120	107	123	125	100	134	105	138	121	141	99	146	145	138	119	130	122	109	128	149	119	118	127	108	136	127	142	129	132	126	122	136	125	132	102	106	124	128	133	115	136	118	119	109	111	124	124	107	119	127	147	133	107	129	98	95	120	127	141	129	135	116	134	99	109	122	130	117	114	135	103	118	108	129	128	129	105	127	111	120	134	130	130	136	112	140	149	137	124	134	119	112	134	118	115	119	122	128	112	126	157	135	111	138	139	134	133	153	134	109	132	131	107	107	134	112	120	111	99	106	131	119	137	121	125	106	120	153	116	102	136	139	121	120	134	108	103	109	117
cell75	102	83	84	94	85	89	66	74	81	82	89	71	70	88	81	67	73	73	72	84	75	75	80	89	86	71	79	85	106	87	91	88	86	73	92	83	76	70	85	83	86	82	67	102	64	70	74	115	117	133	102	127	117	130	125	124	111	120	121	149	120	116	119	122	93	126	147	109	121	131	110	120	134	125	117	90	84	83	69	88	69	42	37	40	34	32	36	31	40	37	98	84	100	80	83	84	68	75	89	89	81	85	77	74	78	70	95	97	76	85	79	75	82	69	80	95	85	64	62	85	72	70	70	80	93	87	84	87	66	87	78	93	80	81	78	88	92	94	81	100	83	66	89	78	76	106	96	94	60	75	76	67	73	75	77	81	84	86	80	71	89	85	97	65	82	77	70	71	89	91	60	80	77	82	82	98	82	78	70	77	101	84	86	76	80	86	72	77	83	75	68	74	91	78	79	82	81	82	73	73	87	87	92	84	82	95	67	81	86	75	81	101	75	70	72	68	80	69	90	96	75	68	85	71	79	77	78	73	104	67	106	76	78	90	69	68	72	73	83	76	86	94	73	76	69	80	88	102	93	78	81	58	103	70	99	90	93	82	84	85	93	83	83	57	99	69	67	107	65	82	80	65	70	95	91	80	83	86	89	101	56	88	89	80	83	86	82	93	76	80	92	75	70	84	75	104	95	81	105	80	76	69	74	92	88	85	91	87	98	73	76	71	85	74	91	99	79	107	94	102	84	73	79	85	93	93	96	71	98	81	83	86	56	84	72	78	76	77	82	74	95	81	93	65	83	64	110	78	90	84	87	95	83	72	59	80	77	90	70	83	64	117	79	73	82	73	85	80	81	63	81	80	78	70	91	72	92	90	91	71	71	101	77	101	90	98	94	72	72	76	94	73	72	73	79	72	84	87	73	65	96	74	87	104	77	70	71	67	74	85	91	84	78	76	92	91	85	81	85	94	74	75	77	82	80	80	81	78	86	85	72	89	68	82	67	71	92	74	79	78	102	75	87	83	80	101	85	70	73	78	73	90	79	89	82	91	76	86	92	87	85	87	82	78	89	85	88	100	85	72	85	80	80	82	73	82	74	79	76	81	69	79	63	89	79	84	73	81	78	81	77	100	87	80	93	73	79	91
cell76	187	169	175	174	170	170	179	171	198	200	158	185	180	188	197	172	171	184	198	196	160	209	184	211	180	156	184	193	202	190	207	207	183	173	176	163	198	217	194	214	196	177	197	164	217	179	178	144	200	182	181	169	202	184	208	204	172	187	177	196	178	179	197	223	185	173	165	172	168	173	199	178	208	181	150	160	162	179	186	185	169	202	148	182	167	190	205	158	199	185	215	206	168	186	160	177	168	179	182	155	165	166	173	152	162	157	187	206	180	164	185	196	188	192	184	166	190	183	164	189	164	168	149	188	200	177	175	208	191	186	189	173	175	186	192	198	205	190	186	175	181	159	177	176	181	181	175	212	165	178	188	181	172	150	162	153	195	177	198	191	210	167	194	175	191	201	193	189	196	215	204	178	190	180	188	186	163	200	175	223	177	169	185	158	160	188	162	173	161	203	189	177	153	185	172	186	203	188	170	194	176	153	208	189	171	188	199	209	180	192	206	199	192	191	179	180	199	189	176	196	181	166	189	153	162	191	173	182	181	195	179	169	193	182	185	189	187	181	217	156	188	191	194	153	117	114	119	124	127	145	121	110	114	122	144	137	136	117	112	129	121	122	114	112	133	101	114	134	137	127	110	101	122	125	116	108	106	117	119	106	113	107	139	108	116	112	127	127	112	120	143	111	119	118	125	102	103	166	97	130	122	140	113	127	121	126	148	110	126	125	126	103	116	107	129	130	110	124	128	107	127	124	115	107	110	98	137	125	124	130	108	139	127	103	118	143	112	135	109	102	136	108	126	123	113	104	129	109	111	118	140	102	113	101	108	140	107	140	134	122	113	123	144	104	119	101	124	102	132	101	109	105	125	125	148	115	116	125	129	124	106	121	135	135	116	112	117	100	107	114	130	103	127	122	108	107	123	117	111	115	131	125	129	122	110	101	110	112	125	119	119	121	119	116	128	129	129	146	130	150	103	106	108	131	115	128	122	109	131	114	122	125	111	109	126	109	121	96	121	120	144	128	127	137	98	141	102	134	130	105	112	140	135	111	118	121	111	109	114	129	129	104	112	137	118	130	126	121	119	121	125	128	122	128	131	118	83	113	142	131	113	116	114	114	128	135	125	125	115	126	139	138	114	123	122	103	114	110
cell77	207	204	182	185	172	178	194	183	200	205	175	211	216	208	198	200	189	192	203	205	181	189	177	217	187	192	202	193	198	200	223	201	238	186	188	198	200	202	190	216	191	171	217	187	192	230	198	189	183	198	186	173	184	208	191	218	196	214	190	218	217	217	210	241	182	186	215	203	202	195	180	179	173	187	173	202	214	191	177	201	195	201	208	211	199	185	234	207	199	205	184	186	180	199	194	197	181	202	206	170	186	191	187	171	184	145	195	207	201	176	204	213	211	178	193	202	205	182	163	164	185	186	177	197	214	180	201	229	178	168	189	234	199	190	170	188	203	187	204	210	188	185	196	220	186	224	169	217	180	190	226	183	187	200	166	196	214	216	191	206	213	189	204	204	205	238	204	205	203	197	181	197	196	183	193	187	203	203	199	210	194	164	182	193	202	204	186	216	194	176	163	193	186	180	195	199	232	156	185	194	219	176	193	203	185	196	214	207	210	210	225	246	205	194	202	225	201	193	179	190	196	207	196	167	188	183	206	199	171	195	217	223	215	215	196	182	162	198	194	181	207	227	201	164	141	135	128	146	172	146	119	109	134	123	145	110	127	129	129	123	134	142	142	130	130	126	127	127	115	151	123	133	125	152	146	124	141	131	130	138	121	123	124	120	116	115	131	127	121	124	141	140	131	123	127	118	108	137	137	112	122	136	127	144	129	115	149	105	132	157	129	115	125	118	146	144	118	131	146	135	134	125	139	113	127	137	150	132	127	125	140	134	121	135	153	120	126	114	143	99	130	136	131	117	126	148	137	117	127	128	103	126	109	135	144	149	124	131	137	129	130	143	144	106	108	123	148	115	151	123	144	136	115	126	125	128	129	137	115	116	132	145	139	132	131	153	125	131	111	108	141	129	133	130	120	122	120	144	115	124	131	131	133	122	112	112	144	117	148	136	146	136	148	133	130	145	147	156	168	151	144	123	123	114	143	112	117	134	120	128	140	131	121	124	145	115	123	115	128	102	137	148	119	114	114	137	125	128	129	128	144	151	122	126	126	118	127	123	137	132	150	132	119	131	125	147	144	176	139	132	124	157	128	119	133	134	118	131	121	132	122	134	129	140	138	113	135	127	128	126	163	125	152	145	120	114	124	124
cell78	118	93	98	111	97	112	109	103	113	94	100	88	117	108	98	107	98	90	101	106	99	117	115	111	95	85	104	88	92	98	106	106	108	96	115	99	101	111	116	112	107	100	101	108	113	103	90	111	128	99	116	94	84	95	89	120	91	114	115	114	118	110	81	106	114	97	113	102	83	96	110	101	112	111	92	112	100	89	105	128	90	108	127	95	91	96	133	78	122	116	91	114	86	99	108	90	67	85	96	87	93	95	101	107	94	104	111	107	88	99	106	85	101	80	108	92	113	108	91	102	91	95	96	101	103	103	111	116	92	110	97	101	97	97	107	109	126	111	110	92	112	97	99	116	105	103	118	102	102	99	101	85	93	107	105	87	117	107	91	113	104	105	101	110	103	114	102	104	95	105	106	105	104	116	99	104	104	101	110	102	120	73	90	111	109	101	92	101	102	101	98	107	80	100	136	95	106	89	108	113	95	96	114	109	106	110	102	101	124	87	112	123	106	92	124	100	91	105	95	113	107	101	73	96	120	97	116	102	93	81	130	117	103	95	91	85	87	93	100	99	120	109	105	97	91	111	97	105	117	92	112	98	133	118	110	104	116	106	81	106	112	91	116	80	111	105	107	110	104	119	87	101	95	114	97	105	99	110	113	104	115	92	130	116	96	106	93	86	108	99	108	130	96	115	101	92	107	118	96	86	93	100	86	108	98	91	103	96	114	109	112	96	89	93	127	113	84	96	104	103	118	97	104	97	94	95	127	96	112	105	115	124	100	114	123	95	97	107	99	86	115	100	113	104	110	104	89	93	121	105	100	97	105	99	114	89	94	95	102	110	110	109	102	99	112	105	117	106	111	98	104	105	107	97	99	121	100	106	108	105	105	111	115	100	101	102	104	99	98	114	101	117	87	98	86	80	89	112	111	111	99	92	111	88	87	102	108	113	105	112	115	100	98	94	94	117	100	95	102	118	91	108	95	80	95	97	102	107	84	99	106	92	115	109	94	83	119	95	105	98	112	119	107	100	95	120	101	86	120	131	91	116	118	118	83	104	110	108	89	108	98	85	115	102	90	109	100	121	102	127	120	96	98	116	111	97	83	88	111	111	85	83	72	100	110	119	105	94	89	128	110	122	94	101	89	94	92	82
cell79	145	154	160	128	141	163	154	138	155	143	136	163	172	155	159	162	131	162	194	160	163	162	173	148	153	137	169	156	165	197	174	170	187	158	157	161	137	158	150	157	157	153	175	141	152	164	156	151	145	166	157	168	164	167	183	136	145	152	133	183	162	169	175	166	153	137	173	173	168	167	172	161	163	165	141	151	154	158	157	162	133	141	162	154	165	147	166	159	156	170	165	183	139	148	148	144	133	152	146	146	154	142	148	142	146	139	145	159	160	129	161	164	152	142	156	161	124	155	150	105	153	159	162	147	143	152	130	170	144	158	167	168	172	161	152	158	176	133	138	161	138	152	149	149	155	156	162	160	137	137	139	146	146	146	145	139	161	176	154	149	167	162	138	155	126	169	161	183	161	183	168	156	163	161	176	151	146	170	145	162	157	158	156	119	148	181	171	155	150	137	150	170	139	157	166	129	172	159	127	160	153	145	132	162	134	164	149	173	175	154	144	158	156	155	166	157	183	140	145	162	153	170	168	152	128	141	151	157	164	159	172	175	150	163	170	158	135	163	172	151	150	146	165	145	115	132	90	110	124	105	94	81	101	107	120	103	105	103	122	94	109	114	106	103	121	120	98	120	107	114	92	118	75	108	139	114	99	111	107	112	88	101	94	98	92	96	96	98	101	95	96	101	100	89	112	97	103	98	107	104	95	97	92	113	112	84	131	101	112	91	99	94	114	100	97	144	76	111	86	108	112	100	100	78	92	108	115	98	92	113	127	119	87	103	111	105	100	103	107	88	94	103	145	93	98	95	108	99	86	119	99	90	111	99	101	108	100	112	90	92	106	121	101	123	107	93	97	99	105	96	110	100	102	103	100	113	106	112	97	88	94	98	114	119	119	113	101	108	94	90	94	104	106	108	115	104	87	99	100	95	105	90	90	94	95	84	90	91	93	97	95	108	93	99	110	104	111	109	88	109	94	102	109	108	119	87	116	98	75	88	113	105	101	97	93	115	103	103	110	97	97	109	101	115	95	104	99	99	124	130	94	133	118	107	100	81	90	87	96	107	102	94	121	86	92	126	87	121	101	100	123	107	86	92	83	102	90	91	102	106	92	107	98	96	109	94	123	87	112	88	102	92	105	91	111	97	87	95
cell80	130	90	104	133	75	116	105	85	100	102	112	113	111	103	115	87	109	98	111	94	101	108	98	103	90	113	113	106	101	106	86	107	117	104	111	116	91	117	115	99	115	86	94	106	99	98	111	141	168	157	165	126	139	150	155	155	160	179	142	173	175	162	172	163	152	122	149	134	152	145	139	163	174	138	162	102	108	107	100	119	87	57	52	48	0	0	0	62	46	47	102	120	92	104	86	103	81	97	95	104	95	107	96	88	83	98	86	139	104	82	94	95	91	103	125	104	118	111	91	101	81	114	107	96	100	98	86	114	89	99	102	102	109	91	102	82	102	88	98	104	124	103	121	102	98	87	117	105	89	116	101	92	108	117	97	98	86	103	104	121	109	102	127	97	113	112	109	131	119	132	108	94	100	98	102	117	115	118	116	102	93	82	90	111	101	99	103	112	92	95	95	109	85	106	114	119	124	84	78	114	118	98	106	107	110	106	111	96	90	107	101	109	107	109	109	119	97	92	92	99	95	122	112	96	101	102	101	107	120	88	124	112	123	107	96	105	98	111	119	80	116	119	110	95	106	92	84	89	105	106	121	118	86	110	107	103	108	101	100	104	100	100	102	90	116	108	85	104	111	105	122	92	102	101	108	114	104	95	106	110	107	93	121	105	115	119	104	105	104	101	120	121	119	108	107	111	110	98	91	99	93	89	105	108	97	109	103	78	80	95	105	101	104	101	125	117	109	112	96	105	104	95	109	80	102	89	105	98	110	87	92	99	108	100	100	92	113	107	89	84	111	86	107	96	96	89	111	122	102	110	113	107	107	100	104	94	93	121	113	112	94	103	107	79	93	111	120	134	113	94	93	92	103	102	99	102	97	97	96	108	89	112	97	109	129	110	125	116	105	105	85	100	103	119	85	79	110	93	105	90	102	101	120	83	84	101	105	102	101	100	107	103	104	101	82	126	115	103	126	113	106	93	101	87	115	90	103	93	94	96	77	108	110	108	103	99	102	73	114	91	133	102	116	96	91	128	102	110	96	97	82	118	105	110	102	117	105	98	106	111	105	98	120	97	105	133	112	124	93	109	107	101	96	99	84	112	75	114	99	95	107	98	86	113	137	101	111	94	103	120	125	99	112	111	102	120	94	90
cell81	134	113	127	84	103	125	139	109	116	111	110	130	124	105	119	103	110	116	124	122	106	112	125	105	117	107	120	118	108	108	127	109	132	113	99	129	131	123	112	104	114	110	108	111	92	125	131	98	118	108	103	111	110	110	103	129	107	98	114	132	108	139	127	113	115	118	117	108	117	119	126	121	113	104	97	101	121	115	107	135	126	119	109	118	123	100	151	107	131	121	110	137	109	95	105	113	124	112	103	98	110	113	131	106	121	107	106	117	111	101	120	116	119	75	122	109	104	118	107	116	91	119	125	124	120	109	90	136	121	91	113	126	101	100	94	111	97	120	113	115	98	124	106	110	100	119	121	116	89	105	111	103	100	127	103	94	103	122	122	123	128	93	112	113	109	90	86	119	135	120	134	116	107	112	124	107	97	130	91	110	119	100	102	105	118	118	105	103	108	93	104	105	104	126	121	112	142	118	108	139	124	110	121	126	105	108	112	121	104	123	103	124	125	116	109	108	110	104	99	116	103	98	108	118	100	102	112	129	113	101	111	114	136	113	133	109	98	112	121	119	115	122	116	103	74	71	68	83	86	87	53	77	78	61	75	78	73	67	84	89	55	72	79	60	85	76	78	83	77	77	71	72	64	84	84	74	77	80	74	77	69	76	84	69	74	81	87	71	83	64	67	62	73	65	72	75	83	79	64	78	88	81	98	65	63	66	93	64	72	75	72	56	70	65	70	86	52	68	59	76	81	76	77	73	67	68	88	77	74	90	79	75	74	64	66	57	73	101	80	67	90	75	94	70	72	77	63	73	84	76	81	74	90	68	78	76	64	92	70	79	56	68	73	78	83	90	82	63	80	71	72	93	78	73	80	79	79	69	85	65	85	70	74	96	69	87	78	75	74	74	66	74	75	69	65	81	70	75	63	84	74	72	76	74	65	75	71	75	74	84	73	71	74	70	64	79	68	84	85	72	68	63	72	86	78	81	69	79	71	61	67	67	64	69	81	72	62	63	88	71	80	90	83	82	78	84	92	66	77	78	64	74	81	77	76	62	83	67	63	86	81	75	87	77	79	84	73	77	75	86	59	70	65	74	67	49	68	83	69	79	69	70	54	61	93	82	64	75	66	68	80	87	77	59	74	64	67	67
cell82	108	94	101	86	80	83	93	91	115	102	84	99	84	88	110	70	79	101	96	95	95	95	82	94	107	100	98	97	90	106	83	77	104	88	93	103	105	77	96	105	84	98	86	89	110	83	97	144	135	137	145	132	136	144	138	137	141	134	136	154	141	144	136	144	129	129	144	156	163	136	148	137	136	119	146	102	88	83	79	101	95	53	45	53	62	57	55	49	48	42	79	98	79	70	104	92	87	98	93	93	92	94	87	70	75	84	90	80	82	99	94	114	78	78	90	90	91	82	66	73	83	93	94	71	100	88	91	97	82	91	109	110	88	84	90	79	107	90	92	94	93	87	84	90	81	87	90	106	104	97	107	108	95	89	72	99	90	77	111	96	88	75	100	90	92	110	84	79	94	89	76	97	76	79	78	108	104	96	93	115	92	77	99	83	101	70	79	92	96	86	86	84	80	91	98	91	107	92	87	84	103	92	94	102	92	112	103	103	100	102	83	96	99	67	80	97	96	95	92	89	79	92	78	87	97	89	108	75	83	113	81	104	105	99	87	107	87	79	88	91	106	87	99	98	101	105	83	86	110	75	85	90	92	88	92	102	89	83	85	90	95	95	103	100	100	98	80	107	88	98	82	87	85	97	100	80	116	107	86	80	74	86	103	75	87	107	79	79	68	94	78	90	86	94	83	106	77	90	92	84	92	107	86	100	105	95	103	101	94	103	97	80	97	74	93	107	79	102	89	92	76	83	90	109	78	73	101	107	103	92	94	111	96	95	78	88	92	91	88	84	107	86	108	93	89	102	88	107	82	88	91	85	98	97	78	91	99	94	102	93	83	95	87	92	90	103	110	107	80	93	85	94	110	85	85	85	100	97	96	77	98	98	84	115	103	88	91	116	101	88	92	70	80	74	92	77	93	91	89	82	68	63	84	82	90	90	99	91	74	83	112	96	86	77	72	88	103	95	97	92	109	90	84	91	98	89	86	93	90	102	103	81	99	99	95	87	94	76	99	82	91	74	102	97	83	101	91	100	100	111	87	92	101	87	89	89	80	70	116	87	92	91	93	89	113	103	91	124	107	97	100	97	83	77	109	88	87	76	92	83	90	94	91	70	83	98	89	91	80	94	71	116	83	88	87	72	78	96
cell83	134	123	131	143	149	141	133	167	147	145	159	157	123	145	153	151	121	145	142	143	145	127	151	159	154	118	142	119	154	131	160	139	154	148	144	122	161	125	149	146	145	148	156	123	137	146	108	148	129	121	139	129	140	137	146	124	147	143	130	155	136	138	153	149	126	119	132	148	147	137	150	117	148	124	144	132	140	121	107	156	114	152	154	131	135	112	149	130	133	152	133	161	129	120	122	111	129	138	127	131	138	129	142	120	129	128	138	140	126	134	154	133	151	131	139	118	151	122	138	127	138	133	132	131	147	132	143	145	130	118	142	142	144	138	159	142	151	142	129	138	134	136	147	148	147	133	136	150	129	133	158	133	123	117	145	120	166	123	143	146	136	127	128	138	149	137	142	141	155	134	134	123	125	134	143	138	150	144	127	169	131	163	158	103	167	135	101	140	146	124	132	153	136	134	134	120	163	123	156	144	139	152	122	139	121	139	123	139	118	153	149	128	154	131	140	129	129	129	139	117	162	136	144	143	136	152	162	143	132	150	136	149	161	133	139	125	142	134	148	125	143	146	147	128	99	90	93	115	106	100	97	89	97	101	103	73	81	77	83	84	92	103	90	78	107	81	76	84	86	100	78	93	87	90	100	88	87	87	86	78	93	93	103	78	95	95	96	79	97	104	91	92	91	102	102	95	90	86	98	106	107	78	97	82	82	87	113	96	97	84	108	82	89	88	104	117	92	84	87	86	95	89	109	95	86	83	104	94	81	101	88	93	88	106	81	77	86	77	100	83	106	88	94	86	92	89	96	79	85	105	78	80	93	87	88	109	102	99	83	82	95	86	69	93	101	81	98	88	84	84	87	103	79	98	89	90	78	82	99	77	87	142	83	89	99	119	88	85	93	101	92	82	77	98	92	69	82	84	90	100	87	97	82	81	99	83	84	79	97	97	105	83	102	94	73	108	87	110	79	93	79	88	85	96	99	89	92	84	94	75	87	89	84	98	94	83	92	84	83	86	99	121	85	103	97	85	109	98	90	90	78	96	93	98	90	98	85	78	70	105	111	79	93	83	92	100	84	113	86	86	96	89	89	100	90	87	87	88	82	99	68	85	101	105	96	100	86	98	86	98	109	108	117	93	86	90	94	99
cell84	165	161	163	155	145	190	166	147	154	151	155	171	170	211	159	160	155	159	189	157	146	163	162	154	174	184	156	165	175	171	159	161	174	170	149	129	161	173	172	157	154	166	171	140	157	159	154	185	159	151	148	162	144	184	138	174	139	167	154	182	163	150	183	172	162	157	171	140	139	158	184	149	169	140	163	165	187	169	140	180	145	148	139	164	171	163	173	166	172	173	168	179	150	148	167	176	142	144	171	154	159	154	170	144	147	144	165	163	138	148	176	162	160	135	167	158	172	165	171	161	149	198	156	133	197	156	165	180	163	154	185	150	153	142	167	146	150	182	177	174	152	148	178	153	163	153	169	198	150	165	160	157	152	172	152	149	165	162	184	159	194	160	186	166	152	161	166	134	164	151	148	145	146	159	170	151	161	150	169	179	151	169	122	153	184	156	162	152	142	165	170	178	151	184	185	158	175	150	167	149	173	120	153	162	151	176	157	182	168	168	176	155	183	155	145	149	164	140	179	170	142	135	160	134	153	156	164	148	160	147	169	173	177	150	144	147	132	162	173	147	168	184	194	162	103	112	114	124	117	105	91	102	121	107	94	114	108	104	99	105	103	116	106	94	123	123	95	118	103	115	82	92	123	107	109	106	106	107	114	102	113	81	133	112	103	117	102	122	117	109	100	110	101	95	113	122	137	99	120	106	108	111	98	125	108	107	136	96	93	93	112	89	92	106	122	108	107	117	119	94	106	109	114	105	107	123	110	101	87	104	117	110	96	108	120	109	93	105	98	93	113	118	99	103	103	117	126	90	98	101	100	96	108	127	106	110	120	116	81	100	110	127	110	103	106	98	94	106	126	88	110	93	115	103	116	105	93	108	118	117	105	124	95	123	111	123	124	120	117	94	116	85	94	97	91	100	121	110	109	89	105	89	109	106	110	86	104	112	99	113	125	92	114	88	107	113	104	120	101	118	114	93	113	107	101	128	106	103	104	110	108	94	101	80	103	95	108	106	95	101	103	115	115	104	95	104	117	109	108	109	100	103	107	110	107	99	105	105	102	116	99	113	108	100	112	99	100	109	112	90	105	92	117	125	100	109	90	96	110	108	108	104	88	109	114	117	114	95	101	116	116	102	108	93	106	102	108	101
cell85	186	175	177	197	177	180	190	184	194	184	168	188	208	191	194	185	185	193	217	212	185	204	192	213	191	201	201	187	200	206	198	239	208	190	187	176	202	175	231	178	196	176	185	199	204	201	171	182	184	185	201	181	209	186	185	198	200	221	198	227	201	209	224	214	182	192	178	181	179	176	184	201	208	169	205	182	191	167	188	197	181	207	182	191	187	182	197	206	189	226	203	188	192	189	188	202	196	190	194	184	203	188	197	179	167	167	187	213	192	161	187	216	201	179	172	194	229	178	173	207	162	187	160	179	195	219	194	223	174	186	194	233	173	145	207	180	211	193	203	176	193	190	209	196	151	199	183	203	183	227	221	179	196	180	211	190	193	194	192	185	197	172	209	196	247	217	204	188	194	222	178	187	178	204	156	204	179	214	215	219	195	194	192	192	212	178	193	205	194	196	181	203	164	209	232	208	229	197	206	188	179	170	192	203	165	204	212	213	203	198	183	196	243	168	178	197	169	158	191	199	178	201	174	221	202	220	211	206	177	191	242	219	215	221	192	204	169	171	181	173	199	202	208	175	144	132	120	131	148	149	130	134	144	122	129	107	140	131	121	132	137	143	118	113	140	117	127	138	120	130	121	117	119	121	141	129	120	133	132	127	131	142	160	149	115	123	132	139	132	132	127	160	132	115	138	121	129	143	128	117	115	132	124	133	146	117	125	130	138	117	102	124	116	114	129	132	112	139	142	135	109	136	132	114	124	114	120	135	122	125	143	140	121	133	128	133	141	126	112	103	133	123	168	132	124	120	132	139	122	116	118	146	144	134	117	116	116	138	141	111	110	146	133	123	128	131	134	133	126	125	156	136	112	112	112	128	104	113	119	128	136	145	148	134	131	129	119	119	136	121	135	147	120	129	115	120	127	129	104	140	150	121	121	111	106	146	126	128	146	116	119	108	133	130	123	139	135	146	145	115	126	132	140	138	110	113	123	128	128	113	142	139	140	144	143	125	122	115	110	149	138	115	122	119	145	114	120	118	143	138	98	129	128	117	134	123	148	125	135	152	128	131	116	144	114	145	145	148	121	131	129	128	137	121	127	136	122	135	113	137	110	140	116	121	137	124	118	148	100	140	146	118	122	120	109	122	107	93
cell86	111	101	113	106	100	111	118	106	109	101	100	108	97	108	105	94	87	94	123	117	94	112	110	97	114	111	113	113	113	98	103	102	120	114	114	94	129	125	117	131	93	118	93	98	109	91	97	93	96	102	119	110	113	114	100	127	113	106	95	118	128	105	132	139	99	90	102	108	104	93	110	100	108	109	109	114	97	110	75	118	85	97	94	101	127	110	103	102	95	106	125	110	125	86	99	122	104	108	84	104	107	93	101	94	98	82	82	120	91	117	112	110	91	80	120	101	106	104	100	117	92	115	96	94	118	115	119	97	111	98	95	103	99	100	128	112	100	109	109	121	112	88	95	104	94	114	94	125	99	103	118	79	118	86	116	101	101	112	115	106	114	116	118	107	108	125	104	90	112	110	97	106	96	109	100	114	97	95	121	114	102	112	81	100	107	115	100	90	117	114	103	113	92	108	103	113	120	119	100	96	119	99	103	125	104	106	118	104	110	115	127	97	121	107	117	102	116	102	110	111	97	112	113	83	102	86	97	113	103	104	123	140	122	97	89	100	106	110	107	109	125	112	118	99	70	62	61	67	81	60	71	95	75	68	63	80	75	76	81	71	67	68	72	53	72	70	67	79	82	72	65	62	66	77	70	57	76	59	85	83	61	71	83	59	56	67	62	72	73	69	69	85	56	62	61	73	63	81	66	79	69	81	64	77	63	82	72	66	80	71	74	61	80	66	77	67	59	69	63	72	91	66	67	50	67	73	58	67	69	82	75	77	59	66	82	71	75	91	79	50	71	82	76	74	77	67	65	58	73	67	76	57	69	69	63	74	63	68	65	77	75	78	67	57	62	59	61	70	67	61	85	67	72	62	62	76	72	57	72	79	60	72	82	75	74	70	68	78	59	69	60	94	58	60	74	53	64	77	76	74	62	61	71	76	58	67	66	72	70	75	73	67	71	67	76	67	68	66	65	59	74	68	64	68	72	69	75	69	75	63	69	56	63	68	89	59	64	60	74	59	62	80	65	58	60	89	74	76	64	72	71	78	80	62	67	70	69	55	61	80	60	74	68	75	78	75	78	79	77	70	81	81	62	69	73	50	68	62	65	76	51	69	68	64	75	83	61	65	82	76	71	58	87	73	76	70	54	61
cell87	133	133	148	123	135	133	136	147	145	126	129	140	138	138	141	127	155	115	145	121	120	151	148	138	139	140	133	147	140	142	148	160	170	132	153	115	141	138	157	134	136	135	141	134	145	145	136	151	126	140	147	145	152	145	137	162	139	146	135	147	160	144	166	132	136	141	141	139	134	149	120	134	155	147	125	138	120	142	155	150	130	124	127	163	140	141	165	132	169	162	138	151	126	117	144	122	148	147	135	127	134	125	132	108	127	125	148	134	153	129	144	144	145	125	145	149	132	130	135	132	119	138	138	160	167	128	119	124	147	141	134	117	140	123	147	132	159	109	140	148	145	123	149	144	149	163	131	142	136	115	150	158	138	147	134	127	139	129	124	137	152	139	136	144	149	141	137	136	156	148	130	118	135	148	126	127	135	144	129	163	143	130	129	138	159	145	135	128	150	143	136	138	137	123	139	142	148	137	112	139	118	139	147	143	138	136	119	154	151	131	129	141	154	150	129	132	145	124	140	151	138	139	139	126	119	145	138	145	135	143	172	139	150	144	141	127	128	126	144	150	156	160	146	123	78	106	94	95	84	119	89	70	97	87	110	87	112	99	95	93	93	103	105	78	92	100	64	106	95	117	76	91	80	96	121	69	80	99	83	82	95	87	98	107	91	93	81	91	95	93	69	99	97	99	96	84	90	97	103	86	78	74	95	101	75	90	111	90	112	94	86	75	92	88	102	121	83	114	90	104	104	92	91	88	76	87	94	93	87	94	81	80	85	88	96	87	77	81	88	73	95	86	108	81	82	92	109	86	105	71	90	85	96	102	91	108	104	105	91	96	85	99	74	72	88	91	99	87	108	83	90	98	100	85	91	115	88	105	94	98	71	100	86	95	93	77	105	80	92	83	93	90	86	89	85	84	97	88	75	91	107	86	82	79	78	88	90	103	79	87	106	76	95	76	106	86	111	95	82	95	83	100	73	96	97	109	99	92	81	93	76	88	117	92	86	74	103	89	94	90	95	111	103	84	76	107	86	86	98	82	90	108	91	100	67	106	87	80	98	91	101	81	95	108	88	112	93	111	90	83	109	81	96	98	96	74	81	71	85	91	69	91	72	95	83	103	75	86	90	96	96	88	88	85	75	87	78	90
cell88	145	141	135	148	123	139	157	142	145	151	135	154	177	158	141	136	133	141	143	140	146	150	128	146	162	146	156	155	150	138	134	142	182	161	133	155	164	144	178	155	152	144	126	134	166	156	125	245	212	241	209	209	212	210	192	229	221	251	214	233	241	245	228	250	228	219	226	221	238	211	218	233	235	221	205	149	154	188	129	160	158	54	69	75	0	0	0	85	83	68	145	168	147	143	139	134	136	146	136	155	156	127	141	143	136	136	150	153	144	157	135	173	132	115	156	150	150	150	133	131	137	141	134	146	151	157	118	153	142	138	165	162	155	126	164	176	175	164	169	149	134	153	155	165	140	154	149	152	165	138	148	143	161	118	149	158	155	136	135	147	137	162	149	130	151	170	115	148	128	151	153	132	154	152	151	172	151	159	155	153	152	136	158	129	136	139	139	139	132	158	139	128	142	141	171	155	164	159	131	163	151	135	179	163	134	147	132	161	183	152	143	155	157	158	152	154	142	131	138	148	167	144	136	130	135	137	151	133	162	139	132	151	156	170	143	144	145	160	149	143	167	153	180	138	172	135	140	148	161	169	147	140	165	160	163	138	157	159	161	147	160	169	167	115	152	166	121	159	134	150	133	137	167	135	142	142	153	156	126	169	144	147	159	176	145	153	125	145	149	147	138	140	124	173	118	140	151	156	163	150	136	143	146	160	139	159	169	141	145	139	130	136	168	123	153	144	156	159	160	127	138	151	131	142	140	146	139	170	150	137	166	158	137	134	158	140	139	168	134	114	166	161	177	154	146	156	151	151	175	149	144	136	154	143	146	146	144	170	142	132	155	161	158	141	158	133	155	161	154	139	171	156	145	147	148	145	153	142	143	127	159	158	154	147	157	153	143	149	164	158	152	172	142	123	138	137	146	140	142	163	132	110	132	138	130	156	139	156	139	158	154	137	147	146	127	171	133	159	167	166	155	142	136	159	142	151	147	137	145	149	138	131	162	155	147	154	150	154	136	154	166	178	164	125	154	171	154	146	173	134	133	128	150	156	143	151	143	135	154	146	161	147	149	155	151	167	134	160	146	150	172	143	151	170	138	166	128	160	152	141	145	142	128	131	142	147	159	138	143	146	166	172	166	148	140	130	133	133
cell89	110	102	111	119	123	109	127	114	116	111	132	122	117	124	112	112	131	133	136	93	87	145	124	108	101	119	132	122	109	130	138	119	133	121	98	114	118	109	105	101	118	108	125	115	104	94	139	110	107	118	115	110	85	123	122	123	114	145	111	127	130	117	123	132	116	109	138	130	114	111	122	113	114	107	113	128	118	137	106	117	97	128	99	93	108	121	106	124	104	129	134	122	124	111	103	110	103	130	110	129	108	125	104	107	105	92	105	135	103	102	123	125	121	98	122	108	127	125	109	121	102	121	94	105	123	109	106	124	119	99	105	129	109	112	117	106	124	106	114	118	131	118	112	97	97	100	114	124	124	122	143	116	122	111	121	98	134	132	125	123	131	105	132	107	114	115	95	102	115	136	114	112	111	114	121	126	107	124	126	123	110	115	95	130	122	128	119	106	141	109	111	123	116	105	143	137	135	108	125	104	109	123	108	108	107	126	127	143	120	120	111	110	123	88	120	103	116	103	105	125	128	116	133	117	114	105	133	142	108	112	130	123	113	110	109	106	96	116	126	123	121	127	131	113	79	92	87	89	81	86	68	75	72	80	84	85	80	74	78	79	92	80	88	84	69	73	73	80	76	79	86	83	84	75	89	56	85	70	69	89	78	81	86	84	67	86	64	60	72	87	91	78	62	69	77	70	71	74	85	68	81	87	86	73	74	87	94	73	92	83	90	84	68	80	82	74	77	94	74	83	79	89	77	72	62	69	81	82	78	73	73	85	67	71	79	71	68	66	94	63	104	68	78	95	70	73	72	82	84	90	74	83	87	93	72	78	77	90	77	62	83	82	82	65	89	85	87	83	76	62	84	74	76	70	71	91	68	70	68	75	64	80	90	68	71	96	72	71	70	103	84	84	72	83	80	64	83	102	78	81	73	59	81	72	76	54	94	79	78	72	86	73	71	71	74	93	84	89	72	87	69	76	75	83	86	83	82	91	68	57	91	70	75	67	74	58	90	67	82	69	91	75	85	66	82	90	74	88	64	71	73	84	82	79	79	63	91	56	98	83	66	72	83	73	69	97	73	74	61	71	84	90	68	58	71	70	59	78	75	71	65	64	50	55	75	82	71	103	83	71	77	75	86	69	70	59	71	68
cell90	114	111	95	112	108	121	127	102	113	132	104	117	143	109	87	117	107	105	120	107	103	117	107	105	118	98	110	104	107	119	120	108	108	130	97	105	124	121	120	125	99	122	127	113	120	117	105	105	110	120	107	115	116	126	128	122	118	109	124	134	121	105	106	142	105	98	135	115	107	125	111	84	117	121	97	120	128	108	116	111	102	115	112	138	97	109	133	125	109	105	103	117	110	108	105	109	101	118	98	129	104	104	82	96	89	103	88	135	121	135	112	126	98	103	113	100	119	93	107	111	125	110	111	97	112	115	106	119	107	118	105	109	117	109	116	112	121	112	105	115	146	116	110	122	115	118	125	133	118	114	133	128	116	122	110	106	85	117	109	110	116	115	117	136	107	147	89	102	112	106	109	102	113	115	115	106	90	101	113	114	113	101	107	110	104	121	104	103	104	83	123	104	109	117	113	108	101	128	111	103	124	106	110	129	91	110	108	113	109	119	123	113	107	112	98	116	108	109	113	105	104	82	112	112	97	112	117	122	101	115	125	109	123	118	96	99	103	101	119	115	106	114	138	112	65	94	57	84	85	89	87	74	84	68	89	61	76	71	73	83	73	79	71	63	71	78	72	81	72	85	67	89	72	71	75	78	72	82	90	81	79	71	90	82	62	71	72	72	86	52	78	91	83	68	77	63	68	60	82	62	87	94	72	81	57	75	75	64	79	75	87	63	65	64	85	87	73	77	56	80	87	74	69	65	80	68	70	76	87	72	65	82	86	79	79	74	75	96	77	69	82	64	81	69	76	69	55	78	65	83	66	69	72	83	78	81	72	69	84	80	78	77	84	64	72	67	61	79	81	66	75	62	75	87	67	89	90	68	76	65	70	76	67	83	66	85	85	77	78	69	67	62	65	75	59	72	74	66	67	79	56	62	55	78	70	71	79	79	82	70	72	73	71	67	79	96	79	80	82	61	71	56	66	73	76	65	79	68	78	63	69	80	64	77	85	64	75	70	69	91	80	85	67	67	62	86	84	91	87	71	60	76	73	88	67	79	69	65	75	87	65	63	66	78	63	77	81	95	73	67	79	84	79	82	71	67	67	75	78	64	62	63	74	81	84	94	92	64	78	85	83	72	83	68	68	64	71	64
cell91	140	176	144	134	160	147	136	129	158	140	137	162	175	181	154	134	142	143	162	154	144	158	138	152	168	134	171	154	154	151	143	168	171	144	140	124	154	151	167	145	149	157	145	190	131	119	144	124	144	140	143	148	131	140	134	158	172	187	154	154	176	147	164	158	142	144	185	142	152	161	173	154	154	151	159	119	134	166	128	173	148	162	137	157	149	162	164	179	143	187	146	173	140	144	144	149	131	144	150	133	134	153	156	143	145	114	158	173	134	141	145	130	143	150	172	160	165	147	147	149	112	177	162	125	153	154	148	157	161	164	149	159	145	143	176	158	177	159	160	152	155	152	150	145	151	151	166	169	141	137	132	139	151	168	164	147	176	132	163	170	159	118	146	145	157	167	152	151	166	150	146	168	137	135	177	160	134	128	138	161	140	152	148	152	154	132	144	137	141	147	158	174	149	160	164	152	174	154	144	148	174	132	163	167	172	159	154	148	187	158	130	172	181	142	132	156	147	121	127	162	171	138	164	130	145	137	151	158	179	154	183	168	160	181	153	141	132	133	173	133	176	153	182	150	95	98	103	114	133	119	114	101	106	93	103	113	102	92	71	96	108	105	101	89	120	102	82	92	96	100	93	105	98	104	102	94	89	92	109	99	88	99	104	111	107	89	96	99	130	88	108	100	99	111	105	111	95	116	103	91	100	93	113	116	97	96	111	87	108	104	101	84	87	115	92	126	94	94	107	113	102	93	94	109	97	104	98	113	85	89	85	121	101	109	124	101	90	84	96	87	127	108	101	105	108	98	118	117	109	123	87	121	100	104	97	96	94	110	100	81	97	97	102	116	91	108	94	105	102	113	100	105	107	111	88	143	121	109	101	97	90	109	100	108	91	110	116	99	102	95	101	128	105	126	99	82	93	122	105	99	112	85	98	117	117	104	105	117	113	113	127	96	120	100	106	104	101	100	110	103	102	98	88	108	92	116	105	105	96	93	108	100	100	82	95	108	110	101	102	102	102	111	104	100	90	113	118	106	95	95	92	114	105	110	107	115	109	99	97	101	98	97	104	92	100	121	95	123	96	98	109	120	104	110	104	112	102	94	97	122	84	116	79	95	99	134	90	87	108	120	109	118	92	100	94	88	97	106
cell92	194	175	196	176	177	171	172	179	211	182	179	210	212	171	194	178	141	180	180	217	181	161	199	181	207	199	174	185	189	208	190	200	207	169	184	201	181	200	211	193	182	188	196	169	214	190	188	175	183	194	170	197	184	198	158	174	199	162	178	233	195	174	181	221	205	181	188	197	160	198	201	187	183	168	191	174	188	179	192	216	181	178	179	198	177	199	202	186	178	189	175	182	179	169	186	175	161	153	189	176	176	183	206	169	176	167	196	187	192	163	172	186	201	169	204	183	181	194	177	192	133	198	169	196	214	193	174	223	175	160	175	183	197	179	193	193	207	184	190	193	190	161	191	181	154	216	179	192	185	182	185	158	183	166	165	206	194	210	195	187	201	162	222	234	203	214	163	183	176	215	207	193	167	165	199	190	158	188	178	216	174	168	154	182	180	177	171	207	208	164	176	219	167	191	189	189	223	203	176	170	180	161	191	192	185	208	185	192	197	199	192	191	194	176	192	184	185	167	171	184	213	193	179	184	176	177	197	194	191	180	206	183	205	184	176	193	186	194	211	177	215	206	197	174	99	152	127	126	162	145	122	127	117	117	127	120	116	122	120	126	116	128	117	100	128	136	105	124	117	125	131	108	102	122	139	126	105	118	128	131	114	109	133	119	107	125	120	116	123	100	104	121	145	140	125	126	129	127	110	92	119	128	104	126	107	115	118	137	135	110	132	108	119	131	129	125	114	137	104	135	113	133	134	98	136	122	142	117	111	97	136	120	116	130	111	113	107	113	143	109	120	101	133	130	116	124	118	133	125	122	114	125	125	122	131	119	123	129	138	125	121	117	136	96	121	128	109	139	125	123	135	121	106	113	139	123	128	109	123	120	121	137	133	111	120	122	115	132	138	107	117	138	114	140	116	107	98	118	115	145	144	108	124	119	107	123	129	116	121	121	129	111	120	132	121	139	130	160	111	124	129	124	119	121	129	130	120	129	139	105	131	123	135	130	115	121	113	125	105	122	109	132	138	116	113	135	141	108	111	119	108	121	139	140	122	124	117	112	130	134	130	125	146	129	128	138	120	124	142	125	133	139	102	116	115	119	104	115	106	116	110	113	111	100	115	128	139	104	109	120	119	122	105	124	97	110	99	110
cell93	145	132	148	152	161	132	159	143	140	138	145	155	137	144	147	145	143	124	166	150	129	139	149	130	148	138	153	151	163	155	147	133	176	141	144	164	146	146	184	132	144	148	154	133	125	146	137	139	128	143	144	153	159	160	120	167	125	156	166	157	145	149	165	142	142	137	146	146	147	166	138	134	165	122	130	142	156	146	122	178	113	130	153	157	124	136	158	145	171	128	140	135	123	130	139	137	143	104	143	140	139	132	141	130	142	118	142	164	125	127	139	142	134	123	144	144	160	141	123	137	127	137	139	129	131	170	143	173	126	157	135	152	156	126	191	140	148	154	126	153	148	158	156	142	156	159	159	174	136	150	143	127	156	130	139	154	140	133	151	148	164	152	170	133	148	156	124	148	162	152	154	138	105	139	141	143	137	139	136	151	139	127	148	164	143	135	146	160	156	121	142	135	158	160	155	130	153	142	120	160	166	136	160	128	139	115	166	156	153	158	144	140	165	146	154	152	123	149	146	138	140	137	134	144	121	148	160	151	153	150	156	161	139	150	141	150	137	152	151	134	155	149	155	144	100	93	87	118	108	88	109	93	89	104	99	100	99	95	108	92	99	100	88	89	86	90	81	106	90	110	98	110	102	95	105	91	111	90	99	108	93	89	99	77	83	101	110	98	87	97	93	107	100	106	89	111	100	92	106	110	102	88	105	95	93	108	124	90	102	100	95	75	94	92	107	105	93	100	87	91	93	112	92	84	88	98	106	115	98	84	102	95	87	86	105	109	96	101	96	62	119	93	121	113	96	87	100	85	111	115	108	110	110	99	93	105	103	100	92	88	90	91	107	81	81	98	127	90	84	96	118	97	98	94	105	97	102	74	99	91	80	87	93	111	96	111	85	97	85	105	78	119	88	77	89	94	106	78	94	95	98	90	93	80	82	94	103	87	85	78	104	81	99	88	85	114	95	110	81	108	87	72	98	98	102	102	96	98	113	90	82	103	88	87	99	95	83	89	93	101	115	110	107	110	96	106	94	116	104	106	96	85	100	96	96	90	89	83	86	116	112	103	105	97	91	105	91	101	75	100	96	96	91	105	88	98	86	104	104	106	99	92	77	86	93	98	108	98	77	91	93	95	92	83	86	83	96	94
cell94	152	126	143	132	134	155	168	134	138	119	131	151	144	152	135	117	120	140	144	115	121	145	126	156	145	149	146	153	150	145	144	149	141	155	129	173	143	118	165	148	167	120	140	136	138	147	137	145	143	145	143	139	144	143	149	136	155	148	130	165	129	149	143	153	130	126	139	160	177	176	144	140	147	149	129	141	156	135	142	146	133	137	125	135	139	123	178	151	120	145	130	143	122	140	141	129	160	132	162	144	139	124	146	121	125	131	161	131	144	137	162	152	111	123	146	135	152	122	105	141	129	123	146	166	148	154	147	143	130	141	154	147	141	135	141	137	128	133	135	124	144	154	159	127	140	151	151	149	137	140	148	129	125	151	153	160	165	167	143	145	156	136	143	161	138	136	151	131	147	123	125	123	132	154	148	179	141	159	152	140	151	130	142	124	134	168	132	137	135	144	131	151	137	153	173	137	165	136	152	147	152	121	143	153	134	155	151	147	137	156	140	145	134	137	119	125	149	130	136	164	154	134	150	118	147	149	143	173	138	119	161	162	137	132	125	111	123	144	159	154	135	137	130	127	151	163	129	158	151	134	138	110	149	137	160	133	125	113	141	148	148	162	168	135	140	140	108	140	132	136	149	156	120	111	164	145	131	156	136	155	150	119	142	136	133	145	130	137	147	130	143	155	148	137	149	156	139	151	159	125	115	162	129	163	156	165	148	151	136	139	123	115	118	120	151	160	122	137	127	151	148	148	152	107	124	143	152	161	153	148	134	155	139	134	142	174	140	168	159	127	139	124	143	146	152	138	132	157	153	135	127	132	157	147	126	140	144	154	181	138	137	133	143	140	146	132	151	157	147	123	176	158	140	138	138	151	149	130	137	138	126	163	126	157	161	162	161	129	141	160	155	134	139	142	113	117	148	144	131	162	143	136	116	142	133	125	155	128	136	150	140	139	158	142	146	147	131	153	155	173	136	134	137	150	122	121	146	126	131	130	155	127	148	133	140	144	136	146	128	131	139	162	150	121	140	129	129	146	157	133	145	149	142	140	138	137	135	110	135	145	147	126	143	168	132	162	140	145	145	125	168	147	138	127	130	137	140	99	151	154	117	128	139	135	173	148	140	129	140	135	152	125	151	141	137	145	119	131
cell95	191	159	193	204	175	192	206	173	170	178	184	174	185	190	200	165	174	187	213	216	152	186	202	185	180	173	201	191	192	179	178	167	194	177	190	173	206	216	207	188	158	194	188	177	162	206	165	169	185	205	187	179	170	170	196	184	188	222	196	221	193	190	199	208	201	195	194	158	189	194	183	188	213	176	186	173	190	209	143	197	181	196	180	185	203	201	203	191	202	200	188	213	173	177	175	149	171	152	138	184	194	173	221	163	159	161	183	218	173	180	183	181	187	162	204	196	206	177	172	208	177	175	165	161	191	190	173	214	168	172	197	202	182	164	199	204	209	196	175	183	177	176	178	177	185	186	188	231	185	194	211	180	174	196	187	185	174	172	189	195	189	168	192	173	187	185	166	184	193	188	175	167	179	200	165	210	142	186	181	171	178	174	192	191	208	214	189	179	169	168	169	205	185	183	217	193	201	188	203	186	215	153	207	182	189	209	203	201	193	184	191	174	186	175	174	187	177	170	176	181	172	169	178	202	169	205	203	187	165	174	216	178	201	165	177	175	164	168	215	203	165	202	180	165	124	119	112	145	141	124	100	109	115	125	133	112	110	131	141	138	128	129	142	113	148	126	124	150	124	132	130	105	134	118	138	100	127	130	129	123	125	93	135	127	112	120	121	121	119	113	126	126	129	118	125	110	112	127	138	110	140	123	104	109	114	114	140	133	123	124	128	101	112	112	123	136	110	127	107	115	125	120	135	137	134	120	120	123	111	128	121	137	112	139	130	130	139	120	148	109	137	137	154	132	138	121	152	126	135	133	111	122	125	118	114	109	119	131	126	127	124	121	115	110	120	141	122	131	126	106	139	126	132	112	127	127	110	108	114	105	126	133	132	108	113	138	136	138	115	118	139	121	127	106	121	117	118	129	116	129	118	100	112	141	96	110	123	123	128	128	148	129	109	107	135	143	130	110	123	142	135	116	111	132	121	121	122	121	146	131	108	110	133	117	153	120	100	103	130	131	102	124	130	112	127	130	132	137	117	113	112	109	99	131	111	131	123	99	135	140	127	112	146	128	133	130	133	154	128	119	123	132	136	124	128	124	109	119	100	117	115	131	104	127	116	132	136	115	111	115	125	121	124	138	130	127	110	108
cell96	186	192	190	195	192	183	191	171	196	187	169	168	205	194	173	164	182	194	190	180	158	204	186	217	172	179	180	178	196	183	186	179	201	190	167	213	232	195	216	184	188	181	178	201	174	192	183	210	191	191	167	194	178	158	189	179	186	197	200	203	192	176	182	195	192	178	165	190	150	194	183	175	190	154	190	195	177	182	175	217	173	174	179	194	174	200	215	191	204	181	175	161	192	187	177	164	163	145	181	193	175	157	172	186	167	172	184	201	183	163	188	202	175	152	170	178	179	175	171	176	180	201	181	167	183	182	182	232	191	182	176	173	176	156	187	175	212	199	189	168	179	193	211	173	194	174	198	196	171	158	186	176	178	193	192	181	172	198	185	186	215	176	189	189	175	193	180	205	179	189	165	175	184	153	213	177	175	196	183	173	189	181	196	163	181	190	164	204	184	181	193	197	190	182	182	204	205	176	173	186	216	187	161	190	189	179	203	214	213	195	165	195	212	196	181	159	171	177	186	180	187	175	170	187	177	192	207	166	193	193	207	194	199	180	179	198	160	175	166	163	199	208	179	187	140	140	119	123	141	157	132	124	121	97	126	138	121	139	115	121	112	137	146	109	116	124	104	165	117	126	110	124	130	148	139	126	134	119	136	144	116	110	122	117	111	143	106	140	128	132	110	132	119	120	128	122	150	116	140	123	117	132	122	126	104	120	137	131	102	119	133	114	132	120	119	139	101	159	120	130	106	139	124	115	116	103	140	114	103	111	127	136	120	143	107	109	129	111	110	127	131	122	132	124	133	113	122	124	123	126	121	114	133	130	121	136	105	105	114	130	121	119	122	97	125	124	124	129	117	130	126	124	106	125	117	142	108	128	115	101	99	137	122	136	126	121	146	130	143	109	150	115	139	127	104	112	123	123	116	118	113	115	129	126	112	145	120	112	110	124	134	133	119	115	118	157	117	112	132	143	113	120	124	118	114	122	115	131	125	107	122	143	123	127	136	112	102	113	125	132	125	136	151	131	124	156	133	137	123	128	97	151	115	135	135	126	108	99	122	135	145	107	124	107	124	100	109	129	132	141	127	114	122	120	129	140	119	135	113	128	104	119	112	113	105	126	132	114	113	127	136	142	152	118	122	107	125	115
cell97	193	164	175	157	173	148	202	147	171	154	172	183	201	178	153	127	139	161	171	165	135	167	150	192	173	192	154	176	182	194	177	175	200	187	160	140	179	176	200	185	184	163	134	169	172	164	162	175	165	166	178	160	168	168	162	180	171	159	160	193	193	189	179	184	178	174	166	172	157	172	193	187	179	180	157	177	181	164	158	194	147	180	162	185	169	201	190	164	176	170	154	160	166	164	146	179	155	131	143	160	173	155	166	161	157	145	182	170	143	159	174	192	177	138	186	168	179	166	160	178	160	162	150	166	193	161	143	176	161	162	157	195	187	176	171	182	199	165	166	173	169	153	188	155	181	181	190	180	195	140	170	160	156	165	173	164	158	182	141	165	180	145	186	172	165	185	175	190	178	187	151	140	150	168	154	170	162	165	175	191	154	151	144	154	157	200	159	169	176	149	172	185	170	149	189	182	181	193	161	147	161	169	168	169	167	187	159	179	174	162	182	198	172	156	190	185	173	148	158	175	167	164	142	160	142	170	173	188	145	182	175	199	142	161	177	163	168	201	164	174	159	192	177	135	98	120	94	118	151	97	112	113	133	121	114	110	103	117	122	120	104	115	134	109	112	113	119	95	108	133	111	115	109	127	126	95	104	119	125	124	96	113	127	101	120	116	141	121	103	95	102	124	108	90	110	117	114	117	90	123	93	122	114	109	121	111	125	115	121	112	94	117	109	91	141	120	109	108	114	111	104	127	103	114	108	123	112	103	119	114	120	103	106	120	133	121	120	105	92	94	126	106	132	122	93	108	114	137	123	129	109	96	105	107	113	113	98	100	129	113	137	119	113	102	90	111	119	116	106	90	116	129	104	92	110	113	125	116	122	100	79	129	99	124	130	128	124	109	136	104	119	110	106	110	91	104	118	115	100	113	89	114	103	94	89	112	111	123	132	124	115	123	98	99	109	125	123	105	111	120	118	109	91	115	108	97	118	111	106	116	128	112	98	101	113	90	124	108	119	103	117	128	129	103	102	126	120	112	114	127	107	113	109	98	102	123	112	90	105	140	133	121	114	113	122	126	119	141	111	106	125	132	90	104	100	135	108	121	110	116	93	85	92	108	110	122	103	109	121	94	119	96	125	108	126	98	99	93
cell98	297	285	267	303	272	289	311	304	270	275	267	285	286	306	272	286	268	279	311	300	271	284	303	301	296	298	309	312	303	290	292	313	320	278	285	277	297	284	287	279	305	257	282	271	298	290	251	292	272	273	267	260	282	266	280	295	259	291	268	320	296	302	293	276	321	274	296	262	262	292	292	292	298	271	268	276	293	286	266	325	277	304	279	307	273	241	283	270	306	268	300	301	277	255	328	298	253	251	254	251	281	276	306	241	276	252	249	294	255	281	290	309	294	240	316	278	277	256	237	282	235	263	304	283	297	330	259	322	293	284	280	306	290	282	313	265	314	262	295	312	292	275	285	315	287	274	299	320	308	283	324	272	259	289	294	272	301	294	318	277	303	249	313	299	300	315	254	270	283	311	259	246	299	314	300	289	263	279	290	346	277	301	270	264	287	268	304	283	273	290	296	277	315	292	337	283	291	284	273	261	296	276	312	298	283	330	295	297	310	270	291	286	301	269	287	295	303	279	308	322	282	274	294	240	287	275	312	256	285	261	307	312	299	312	298	308	291	300	278	272	292	299	314	251	186	171	202	203	217	192	178	222	202	202	205	175	191	222	186	174	186	200	220	198	192	199	149	183	180	162	175	200	219	203	215	190	198	184	197	176	198	188	193	185	188	161	199	179	164	186	197	187	211	203	176	203	169	188	178	171	194	199	181	197	181	188	212	158	200	172	219	170	180	173	210	192	177	202	198	195	209	191	199	160	175	159	224	195	180	174	201	205	183	203	172	197	186	187	174	168	173	173	225	197	196	164	172	195	171	181	224	198	186	167	175	185	160	194	173	197	168	189	185	183	188	183	203	202	190	190	199	193	188	167	164	181	191	174	202	186	182	214	196	204	184	166	212	201	202	167	187	208	169	189	188	173	182	209	176	206	174	202	162	178	158	165	181	177	207	180	211	200	177	171	186	192	196	208	216	199	200	185	165	193	198	177	163	212	202	188	185	187	208	186	209	167	207	167	168	193	218	194	201	174	194	196	182	197	206	182	173	202	220	178	160	189	171	173	203	215	179	171	219	175	179	202	192	212	198	189	191	184	164	172	179	201	163	168	181	196	146	208	171	197	204	211	197	175	181	212	210	215	187	163	178	178	163	159
cell99	136	136	137	141	113	145	174	119	131	136	114	136	128	129	130	108	121	144	129	113	136	149	148	156	133	115	146	145	126	136	151	159	138	139	152	129	134	130	140	140	116	129	145	153	125	134	140	132	150	139	128	135	118	135	130	145	140	152	139	138	132	154	146	153	145	117	144	143	131	135	142	127	173	140	152	127	146	149	112	141	128	131	119	157	125	131	127	142	121	119	112	146	118	144	134	125	111	149	135	129	138	117	134	117	131	121	144	125	126	133	140	145	123	127	129	141	128	124	108	127	120	143	136	135	132	148	134	123	141	127	132	143	134	127	143	155	139	134	133	134	143	126	132	155	134	120	145	137	125	128	165	142	121	141	131	129	131	137	144	150	136	127	138	143	127	163	109	134	139	144	122	119	117	142	137	143	120	130	147	140	136	137	122	141	131	152	131	140	142	133	133	153	142	139	125	126	144	132	120	137	134	137	137	134	118	150	133	145	148	152	145	129	138	126	134	135	127	118	142	133	123	134	125	137	139	144	121	133	141	121	142	136	144	143	142	136	132	147	156	113	155	148	164	92	87	86	92	108	92	109	96	100	91	111	88	88	84	95	96	93	101	92	85	73	105	94	80	98	97	83	82	86	81	103	100	86	102	105	103	86	86	100	101	86	103	93	87	87	96	76	77	104	100	82	88	94	88	102	83	99	84	110	88	78	97	105	105	82	89	82	80	96	81	93	113	115	74	95	90	85	85	78	94	77	103	88	91	92	79	84	93	90	86	86	90	85	97	90	90	76	93	94	106	67	76	89	102	98	97	89	87	79	94	92	95	82	96	87	86	95	96	84	92	73	89	93	104	79	105	79	103	94	92	97	101	82	89	88	96	98	86	101	107	92	84	89	100	84	77	87	75	91	92	86	88	86	86	106	65	119	91	78	99	85	93	86	82	103	76	92	92	76	90	77	90	104	79	89	86	92	89	93	89	97	73	83	90	97	75	84	86	85	91	80	88	80	97	93	87	91	98	95	107	79	86	90	108	83	79	85	76	113	83	74	95	82	91	71	110	107	104	86	90	86	90	88	96	105	96	95	100	104	83	83	84	88	93	65	77	112	76	81	82	79	102	102	88	90	95	83	100	103	93	94	84	88	86	84
cell100	98	73	77	63	71	76	66	75	70	82	84	73	78	70	76	75	80	105	64	80	88	62	86	80	88	73	84	88	79	88	77	68	84	77	86	82	78	72	80	79	83	84	80	95	78	74	77	72	75	73	78	71	66	77	73	104	81	83	76	100	76	86	87	91	95	69	86	99	74	74	76	90	94	57	93	83	86	77	69	69	64	99	72	83	88	77	88	79	74	93	81	108	72	83	84	78	72	76	78	94	84	78	80	53	69	81	85	94	69	72	75	84	80	84	70	69	80	73	61	86	75	80	78	78	83	84	74	98	81	80	72	80	97	67	85	93	94	67	82	80	91	87	80	63	99	91	74	72	77	78	92	76	72	93	64	80	83	64	88	86	91	74	90	83	96	87	82	69	87	83	78	77	77	77	68	92	77	77	84	96	78	88	76	66	78	85	88	94	83	84	91	92	92	100	104	81	87	88	84	84	74	79	74	86	83	97	81	90	109	85	79	100	89	82	87	78	68	62	74	83	69	76	79	72	80	87	70	87	82	86	89	78	66	77	75	73	70	77	81	87	87	89	104	68	65	67	50	60	50	70	47	46	69	49	45	44	47	48	65	53	58	67	52	52	61	63	47	69	51	45	47	62	46	49	55	49	56	64	62	51	44	51	55	52	56	56	56	55	50	54	58	48	60	46	49	52	44	51	53	57	43	53	58	66	47	58	53	48	68	45	57	37	62	44	49	72	52	57	46	53	69	53	59	40	49	52	49	50	49	52	52	59	57	45	60	52	45	37	52	51	46	50	61	51	59	51	49	55	45	63	57	45	58	44	39	50	44	57	57	53	51	57	49	51	58	63	57	51	66	49	49	46	56	49	52	77	61	46	55	62	52	56	50	53	55	47	49	51	59	43	54	45	53	53	57	57	52	59	48	50	51	45	46	49	44	66	53	51	40	47	54	48	56	50	54	47	67	55	54	51	50	50	58	52	51	61	55	50	61	54	53	55	51	56	49	48	56	47	60	45	63	63	60	61	33	53	45	59	56	60	39	47	69	57	56	57	65	36	59	62	59	59	57	57	61	57	48	64	49	56	53	57	58	58	46	61	40	48	56	57	43	50	52	52	55	55	65	49	48	53	61	58	46	60	62	49	63	53
cell101	232	227	224	225	203	229	233	189	238	229	235	245	252	256	217	216	204	215	261	268	222	245	226	237	235	208	242	215	251	257	254	215	238	248	239	241	258	239	282	239	249	217	242	233	225	249	228	225	242	206	221	223	207	210	251	256	262	253	229	285	248	240	235	229	248	235	226	219	249	233	265	226	226	232	198	253	236	222	203	254	215	230	251	219	196	232	263	241	229	258	251	234	244	209	228	185	229	249	232	242	251	239	244	189	231	202	250	254	220	244	251	248	220	197	232	206	246	234	194	224	255	224	238	206	236	211	227	267	223	220	206	222	257	227	234	225	251	229	246	231	233	231	264	250	232	233	220	223	210	243	248	226	200	259	230	220	271	232	236	215	243	226	236	217	258	249	217	238	227	232	240	201	222	230	269	226	252	253	218	257	231	221	230	230	236	261	216	221	240	198	261	221	204	253	237	244	273	223	228	244	205	217	234	278	243	245	250	237	231	240	230	228	277	224	249	217	239	218	253	238	250	209	213	238	211	223	237	242	203	241	252	251	234	251	216	199	237	233	224	225	241	263	238	226	141	188	136	193	152	154	155	159	153	179	175	158	180	145	157	168	147	198	148	135	166	177	156	160	155	185	150	160	122	139	159	140	156	150	153	162	143	146	171	152	149	159	153	152	172	147	149	151	132	122	130	136	146	157	150	135	155	151	127	159	151	142	152	140	145	159	141	124	165	137	194	171	127	169	134	154	166	184	159	136	159	168	156	157	157	143	165	156	144	169	173	137	145	159	146	122	167	151	170	154	153	148	140	157	135	161	163	147	182	153	145	149	154	148	153	176	140	146	155	148	136	157	179	151	155	155	171	135	140	141	133	182	136	154	152	132	137	176	174	154	149	156	172	153	134	152	140	131	170	146	151	131	170	162	138	170	157	135	141	136	146	140	145	154	159	175	175	130	152	163	145	150	144	156	148	161	154	140	159	155	160	146	162	127	145	163	145	135	159	151	167	133	137	148	148	142	170	163	144	132	150	140	151	170	149	150	126	177	158	163	151	141	146	140	145	176	148	164	168	151	143	186	160	168	148	148	168	158	152	159	140	156	144	148	146	166	142	152	141	151	157	175	164	148	155	168	181	150	163	139	139	128	117	140
cell102	88	82	81	75	74	71	106	61	88	80	87	78	73	94	85	82	79	80	79	86	89	84	88	70	73	95	90	80	88	74	83	78	94	84	81	87	94	89	90	104	101	97	85	83	78	97	94	123	129	105	127	125	121	127	134	125	123	133	110	144	110	117	143	134	117	129	131	111	119	121	151	114	139	135	118	68	70	91	78	68	68	36	36	43	0	0	0	39	51	44	81	107	92	75	62	86	75	85	64	76	100	86	92	79	80	77	96	90	83	73	97	90	80	79	92	77	88	71	75	78	68	74	77	87	79	80	69	89	79	76	98	87	91	66	94	107	101	71	85	76	96	94	98	103	100	104	84	100	80	83	85	82	78	65	84	81	85	91	98	73	92	87	90	83	87	96	75	83	76	86	88	74	71	92	95	92	85	81	77	69	87	83	83	88	82	87	75	67	94	81	95	92	80	84	106	98	99	90	106	73	59	76	93	80	83	89	90	84	89	78	70	72	103	99	103	85	75	78	82	72	85	83	88	86	68	83	82	104	96	72	88	89	89	81	68	87	81	97	99	77	89	85	85	84	85	85	82	89	89	81	80	87	102	104	101	88	86	86	62	86	66	105	94	80	91	93	80	87	74	90	80	91	84	93	90	88	103	76	93	87	77	74	87	93	75	75	81	85	67	85	75	92	82	68	77	78	89	91	77	79	74	103	94	99	84	75	101	80	74	77	90	69	70	72	89	97	73	93	88	85	87	81	85	80	72	90	77	88	64	65	103	101	76	83	85	85	89	88	75	81	90	85	108	92	82	77	85	79	80	88	81	77	98	76	66	81	81	84	76	93	82	81	99	74	88	86	84	86	91	88	88	92	81	87	87	79	78	85	83	83	87	96	72	92	83	91	97	80	84	74	101	83	76	80	71	79	92	72	88	87	79	75	84	69	98	69	72	85	90	87	99	70	94	78	66	94	78	83	74	77	90	78	54	74	72	96	82	90	71	83	75	76	79	75	95	100	72	91	85	70	94	82	79	71	74	82	94	83	76	79	71	81	103	84	87	84	75	65	95	91	88	72	80	78	86	97	96	90	74	83	108	78	76	73	90	77	79	78	87	80	68	82	62	64	77	85	90	74	70	76	73	84	89	83	84	73	75	79
cell103	160	134	154	118	127	151	149	153	138	144	149	160	174	153	145	137	162	142	159	136	146	145	159	147	136	158	137	147	172	144	156	127	166	141	149	150	152	139	167	169	124	163	173	173	160	145	144	145	158	142	141	140	117	156	165	176	150	155	153	177	144	144	166	157	161	146	153	137	154	155	168	141	147	147	126	170	165	146	156	143	154	128	124	140	143	161	150	130	155	137	160	165	156	142	144	136	129	146	146	126	147	133	152	137	162	137	148	133	141	145	168	143	148	124	154	140	199	147	114	148	147	138	141	155	169	169	131	160	143	137	158	126	149	135	154	149	185	151	138	148	159	154	151	141	138	148	135	174	143	145	166	121	150	143	137	144	150	143	146	152	156	156	169	153	145	169	136	153	174	155	151	129	141	138	157	169	155	167	149	164	171	150	134	143	141	148	149	134	153	142	164	168	140	139	161	149	186	141	170	145	142	149	142	151	138	158	178	146	163	136	148	155	149	129	143	149	149	136	136	167	147	120	154	135	138	143	148	156	122	155	157	138	156	145	136	120	143	155	150	139	144	141	167	141	115	79	93	103	108	112	101	110	106	123	99	90	96	94	108	107	101	113	93	76	98	110	96	103	110	118	95	98	86	98	110	94	73	102	110	93	80	94	96	99	93	110	107	115	92	106	81	110	107	93	100	95	107	97	89	95	99	117	108	108	96	84	114	95	108	109	114	79	82	84	110	84	78	101	78	124	117	102	108	87	96	93	105	101	111	110	96	87	93	90	102	89	92	102	89	88	106	105	124	105	87	86	111	102	93	117	100	89	94	91	114	100	72	104	126	104	87	90	117	95	90	103	101	104	98	75	119	83	105	93	101	98	104	98	92	83	96	90	86	105	107	116	102	95	92	111	113	111	104	109	93	86	106	110	83	106	112	86	82	80	93	99	94	106	99	113	116	76	108	99	87	109	96	104	92	108	79	84	97	112	104	104	87	115	95	104	88	81	94	102	107	107	113	99	86	103	118	97	104	96	98	112	118	90	113	96	93	107	102	85	83	91	99	92	129	115	105	92	97	120	99	124	106	113	88	99	100	97	98	102	99	109	89	79	98	113	96	97	101	89	98	88	97	97	101	116	115	82	107	92	94	110	84	102
cell104	230	217	209	202	205	198	216	194	215	188	210	200	221	204	212	193	181	200	229	209	176	188	207	216	220	205	220	209	217	202	219	198	224	232	216	208	224	221	247	253	218	224	212	226	229	207	226	200	204	228	205	184	230	245	205	253	197	217	209	210	243	233	224	218	198	200	231	206	221	229	233	190	194	211	188	206	206	218	162	239	178	187	207	230	192	216	234	194	209	242	209	228	204	205	219	186	190	233	205	196	200	204	213	183	207	172	223	248	231	229	179	218	213	208	221	224	222	196	206	214	204	229	181	204	214	203	192	263	221	198	225	219	226	176	208	213	215	237	218	199	198	236	208	183	212	218	226	220	215	220	231	203	209	196	221	209	193	197	230	218	195	213	212	194	215	263	183	226	223	240	206	217	188	208	186	213	207	202	231	244	227	199	200	208	215	212	199	223	215	201	193	222	207	217	208	217	191	218	223	227	208	223	235	218	213	207	208	226	214	221	196	228	233	191	208	198	210	196	200	217	200	199	196	202	192	221	238	210	199	201	236	203	256	208	231	217	215	237	198	212	211	252	209	199	134	145	141	155	154	165	144	138	158	160	167	132	160	144	143	146	137	152	140	124	158	141	141	147	131	131	120	141	135	138	162	132	125	151	144	135	147	141	163	138	145	133	137	128	147	124	142	137	135	164	133	138	132	143	155	125	133	144	116	148	129	146	158	141	150	140	150	138	140	132	152	156	112	139	131	190	142	151	138	137	141	131	140	148	131	122	132	158	144	134	137	134	120	133	135	128	151	129	156	127	141	107	155	145	155	124	129	126	148	137	132	144	143	132	138	131	149	146	130	125	142	132	132	152	153	144	147	155	141	150	154	143	142	144	147	130	133	142	157	141	160	149	175	126	129	142	160	163	142	168	137	126	137	157	128	151	145	137	125	111	113	137	136	153	117	150	165	145	116	129	139	149	143	148	142	154	133	146	145	136	128	130	130	131	151	151	154	130	145	125	135	142	141	151	129	136	155	133	137	125	159	142	147	126	151	152	141	171	128	136	133	147	143	142	148	144	136	115	147	135	144	144	146	158	151	130	163	152	145	127	148	112	140	120	147	155	116	156	122	138	144	140	143	142	133	165	148	142	162	127	124	134	133	160
cell105	92	85	94	85	78	81	80	79	91	79	68	86	109	86	82	97	93	91	104	85	86	110	90	86	88	97	89	115	94	102	105	93	105	94	89	81	83	95	97	98	92	95	90	105	79	83	98	70	75	76	92	96	88	81	80	98	78	103	85	97	103	109	95	96	94	75	78	89	94	97	104	87	101	88	84	92	75	99	69	111	87	90	102	96	87	94	95	108	89	95	96	105	77	83	85	100	80	84	86	95	74	74	97	86	82	79	85	102	92	82	106	93	88	70	104	87	87	90	86	88	78	77	104	81	97	94	91	105	92	85	90	80	93	87	68	103	91	95	89	94	96	84	106	99	99	101	84	113	98	77	96	100	89	96	83	68	100	101	91	98	85	99	106	92	88	92	94	99	92	92	96	81	89	83	82	91	101	99	105	101	89	87	84	88	103	88	81	92	78	77	96	73	83	107	95	98	94	90	95	91	92	94	93	90	80	88	111	93	84	95	97	91	78	85	92	71	86	89	87	97	104	84	71	72	83	97	115	100	80	83	102	91	89	103	90	88	91	101	102	74	92	64	82	100	65	66	58	53	51	75	57	71	52	59	67	54	61	70	76	51	54	66	67	49	55	52	62	67	63	69	55	45	57	54	66	56	65	57	75	61	64	48	58	63	48	56	49	60	51	64	50	74	53	54	61	68	60	51	66	47	55	45	60	52	64	53	72	45	67	39	59	59	57	50	67	59	58	51	47	64	50	59	66	50	51	64	56	57	61	64	58	78	59	66	65	68	63	56	54	64	73	60	62	49	61	47	69	59	63	62	66	60	61	80	60	69	53	73	58	66	58	53	60	58	69	72	55	63	60	61	66	57	68	51	51	61	78	63	57	53	59	55	56	51	53	63	63	60	61	55	52	70	59	62	61	57	39	46	55	63	52	43	52	55	59	57	58	58	69	67	82	59	57	52	56	85	62	67	59	81	80	62	73	64	70	57	64	58	46	53	69	57	55	65	78	51	65	56	68	66	66	66	59	52	55	57	72	68	54	67	55	60	61	71	54	46	70	43	76	65	73	55	53	54	60	65	54	59	67	64	88	62	68	62	55	70	52	58	51	63	55	60	50	56	64	56	62	53	49	68	68	52	60	57	56	51	67	55
cell106	76	84	66	62	62	83	68	69	71	70	53	62	59	79	63	51	57	76	78	72	59	72	65	59	74	80	68	81	79	64	66	80	61	63	50	84	69	67	61	67	77	66	65	79	64	73	67	105	89	105	103	112	88	103	92	108	96	112	95	117	114	96	101	90	99	101	95	100	88	93	118	119	97	101	104	61	61	73	53	69	74	27	33	32	0	0	0	23	41	35	60	57	64	58	60	83	65	74	83	64	63	58	80	68	69	47	65	67	59	54	66	71	75	63	59	62	85	61	49	62	58	60	75	70	78	75	55	69	77	55	66	63	65	67	83	71	66	77	74	66	77	53	69	72	63	66	62	73	60	59	70	64	74	50	57	71	70	71	70	74	73	53	82	72	72	70	56	67	71	87	80	69	64	74	58	67	66	47	64	87	80	65	64	56	76	70	58	67	64	64	67	73	72	67	64	79	67	77	80	69	60	66	75	78	68	60	75	67	60	78	58	58	55	60	58	75	63	70	74	72	71	58	57	56	76	50	55	61	57	62	63	74	89	65	60	70	57	64	80	74	64	80	62	70	58	69	62	76	74	54	66	55	62	98	61	74	68	74	69	59	60	62	64	82	56	64	55	76	81	74	62	58	65	59	54	68	57	60	56	67	63	65	76	65	71	53	64	67	75	62	47	68	50	63	60	57	62	77	51	60	59	97	71	67	69	51	71	57	61	56	60	60	62	57	61	69	57	77	63	84	76	64	87	69	58	60	67	76	70	79	65	66	66	79	70	64	62	69	59	46	78	60	58	82	74	73	68	67	50	55	72	72	67	83	60	73	65	60	64	53	56	90	59	76	59	61	65	82	79	60	74	44	79	64	80	88	83	69	60	51	74	78	75	59	74	63	56	69	58	59	62	70	55	75	65	64	72	54	68	65	51	68	53	66	50	68	64	64	76	73	75	63	55	62	65	79	68	62	77	67	62	65	72	67	64	60	58	73	70	62	71	67	74	67	66	69	63	53	64	75	77	70	69	67	64	67	78	64	81	67	55	80	64	74	57	58	60	57	70	71	87	80	68	67	72	80	62	67	58	71	72	72	64	71	72	76	63	62	52	71	67	63	73	61	59	73	75	61	79	74	77	66	59	62	44	60	52	64
cell107	92	90	80	98	75	88	103	79	109	73	111	75	99	116	91	89	89	92	93	95	82	85	100	101	100	96	95	103	90	87	93	83	102	86	92	99	85	94	111	96	93	87	92	78	82	106	94	108	86	80	89	90	91	86	85	107	83	107	78	115	103	89	111	88	86	100	73	106	94	82	90	74	91	93	77	100	102	68	73	103	78	88	87	103	96	84	109	88	93	81	71	115	107	81	79	99	95	83	73	88	97	82	111	83	69	86	79	98	80	96	114	99	68	78	90	82	93	72	82	83	92	87	92	105	107	101	86	95	96	83	94	92	90	85	90	96	104	77	93	101	96	79	82	91	83	82	94	85	88	78	96	88	95	85	107	93	102	90	96	92	97	77	92	90	95	105	84	78	88	90	89	83	84	89	83	108	91	76	111	97	93	79	85	102	89	101	87	90	93	87	73	63	85	108	108	101	72	85	81	73	88	89	90	92	92	94	97	101	103	95	90	82	98	78	90	96	71	99	99	91	80	88	78	83	94	92	101	80	115	84	107	82	102	100	84	97	64	94	79	91	97	91	91	98	55	67	41	57	75	58	56	57	60	50	57	74	56	65	52	74	53	59	65	65	60	46	52	76	63	61	56	58	53	66	55	55	75	51	61	70	53	47	63	57	72	69	74	55	65	54	54	62	78	51	55	67	62	72	53	54	65	55	63	67	56	62	69	67	70	63	73	53	52	61	71	59	54	50	58	43	69	59	60	57	59	53	54	63	64	65	78	53	63	56	67	49	52	60	60	48	67	61	71	62	56	62	68	56	78	63	75	64	43	60	42	49	59	63	68	51	53	43	49	61	56	48	61	58	73	72	64	79	61	64	81	65	61	51	62	45	68	58	63	53	63	55	63	64	65	64	47	78	62	55	52	55	55	73	57	65	65	54	76	59	50	76	49	52	62	61	62	58	50	80	62	71	71	44	55	51	68	67	56	56	59	58	58	56	45	64	66	55	67	45	60	69	61	57	50	71	63	72	59	52	74	65	57	67	56	62	56	51	62	59	50	50	77	67	60	72	75	54	52	59	54	57	58	71	51	41	69	61	56	74	72	50	57	71	64	65	64	74	49	64	66	62	55	53	59	64	73	79	46	64	57	64	55	47
cell108	60	70	81	73	77	65	80	75	93	76	65	85	88	69	66	69	57	84	83	75	87	82	90	73	71	83	73	84	79	80	81	71	98	82	69	87	70	94	88	59	74	68	76	71	70	81	87	119	113	96	112	113	107	131	128	142	105	123	116	125	98	114	128	124	105	100	108	106	106	126	101	127	136	115	103	83	81	85	62	85	69	35	33	36	0	0	0	32	28	36	78	82	71	52	74	78	74	79	75	70	63	63	87	58	61	70	73	77	81	73	74	84	67	62	90	65	101	92	65	69	55	70	81	77	83	68	62	82	72	65	81	71	88	75	77	78	91	76	70	63	69	71	79	71	78	74	76	94	69	69	75	62	72	67	80	87	71	67	69	55	71	74	74	77	82	68	75	77	65	83	79	71	66	70	89	69	70	73	75	64	90	72	66	69	91	88	76	84	74	57	68	93	83	73	74	77	85	68	76	78	70	78	70	77	73	72	76	86	80	99	69	67	64	56	74	82	75	73	77	67	77	76	63	64	72	75	65	85	84	73	83	84	77	75	73	78	76	82	81	69	73	83	65	89	64	87	79	83	83	85	75	82	76	74	82	76	82	72	65	88	79	78	77	68	81	80	66	96	80	70	62	82	86	95	81	78	79	79	88	83	73	62	73	67	68	81	69	87	79	88	68	77	65	67	89	83	81	73	67	70	88	80	83	87	90	83	85	67	58	62	85	78	58	58	91	87	74	60	84	80	57	73	85	64	74	92	78	67	92	78	71	80	57	85	88	88	79	66	62	71	85	82	86	63	75	56	95	77	70	87	66	67	74	80	79	70	79	80	77	73	69	85	72	62	65	75	75	82	92	70	81	85	74	96	77	104	60	81	55	66	69	65	68	88	69	72	80	79	85	80	71	69	79	69	74	76	82	76	62	74	83	65	61	65	62	65	70	74	80	79	74	70	74	73	74	81	78	94	93	102	68	76	62	81	61	62	87	75	79	71	85	75	82	64	95	64	74	75	75	84	93	75	72	72	71	88	93	75	81	85	74	75	81	88	68	74	70	61	79	71	69	70	81	62	74	86	69	83	77	75	78	84	76	57	68	60	63	78	70	94	60	80	65	77	91	84	79	69	80	70	72	80	77	68	72	67	61	73
cell109	172	162	164	168	145	152	174	165	175	191	180	152	147	182	158	148	132	174	166	167	148	186	145	167	153	169	170	178	169	166	163	154	170	147	152	168	160	168	170	190	166	167	166	162	165	166	148	157	166	166	161	172	134	161	155	185	171	179	174	178	157	170	184	181	157	166	159	168	160	179	163	163	170	148	168	153	165	162	159	152	143	156	170	179	150	176	183	184	183	171	169	171	178	165	169	127	148	166	158	162	176	148	168	140	137	118	182	183	171	173	170	187	158	165	162	153	174	158	138	175	141	160	162	142	168	179	161	171	166	162	189	175	176	150	166	159	198	169	159	183	172	139	185	171	164	138	167	197	160	149	170	152	146	146	168	165	159	154	168	173	152	154	177	144	175	180	139	158	181	155	156	138	141	154	150	149	158	166	162	170	180	156	159	168	133	165	164	162	183	154	173	186	168	156	150	158	196	186	155	130	175	152	168	167	154	187	171	189	162	174	166	190	179	162	157	144	175	167	160	192	153	151	170	142	144	151	171	148	128	179	220	167	168	162	162	164	161	164	174	156	178	142	183	157	83	118	108	109	112	111	99	113	94	103	100	121	110	118	115	98	112	126	113	93	110	133	103	109	111	112	78	105	118	108	111	98	133	112	110	105	91	133	113	101	102	91	104	104	114	109	103	126	106	101	117	137	106	106	104	109	110	123	101	133	125	105	131	110	120	100	115	108	103	121	111	117	108	124	106	118	117	113	111	113	90	98	119	112	115	108	115	97	89	110	120	123	103	118	109	103	135	84	104	122	125	99	95	105	119	121	132	110	130	113	109	110	106	114	115	125	102	106	94	107	131	104	129	113	123	99	132	106	98	109	107	122	103	114	103	117	97	143	115	120	114	121	109	107	109	106	105	112	108	102	99	92	115	133	91	102	107	108	98	85	99	118	119	89	101	80	118	94	111	88	107	126	93	105	104	111	94	107	127	89	112	114	93	111	98	115	129	107	120	98	117	116	109	107	118	113	126	121	107	113	93	134	96	94	106	119	82	119	104	99	109	100	109	92	102	97	121	111	104	108	100	123	106	136	99	107	114	121	117	88	107	115	96	108	90	109	108	103	90	109	125	86	134	121	100	110	97	110	110	104	124	98	97	92
cell110	133	99	112	100	96	106	122	90	113	93	104	115	108	104	105	103	85	128	125	102	102	113	101	117	89	107	116	117	118	100	106	121	117	127	120	131	111	130	124	94	115	121	121	94	118	97	129	124	117	116	115	107	108	111	106	127	104	111	135	121	120	123	113	126	111	118	153	129	117	116	122	113	120	108	109	112	109	103	90	122	112	106	101	107	109	131	137	114	99	110	121	106	113	92	109	94	83	111	109	110	105	105	134	101	100	94	112	90	109	122	104	107	101	90	133	96	114	110	111	123	104	103	98	124	112	111	117	124	104	127	119	99	111	117	124	124	110	112	102	120	106	100	123	118	97	95	102	136	107	105	124	111	100	101	116	139	125	122	110	100	140	112	124	122	112	127	103	126	109	106	119	102	96	99	114	121	103	106	115	111	106	119	92	118	106	103	101	113	109	83	105	114	104	116	128	119	123	117	100	103	116	97	139	112	102	102	116	119	128	110	120	125	110	106	104	117	120	87	110	100	94	110	119	108	106	108	104	106	92	100	138	122	122	128	116	108	105	105	110	105	111	116	118	95	95	135	114	129	135	105	125	99	131	96	120	114	106	108	105	111	103	105	121	105	136	119	108	124	110	104	105	110	119	111	128	115	128	121	115	103	119	117	114	109	112	97	123	90	116	95	119	111	119	100	122	111	128	138	112	108	121	107	95	118	106	125	126	90	100	103	105	132	108	120	115	121	107	129	86	121	107	116	115	110	100	119	118	102	116	105	116	104	129	104	112	106	107	109	120	119	123	125	135	118	114	90	103	134	112	120	106	99	123	112	111	117	126	108	110	119	120	113	99	110	107	123	134	117	130	113	116	107	111	106	110	123	128	111	119	92	95	136	133	135	112	97	111	110	98	113	102	96	121	129	100	98	111	105	86	106	125	111	114	116	113	102	105	117	103	124	106	96	103	94	115	124	116	103	130	128	120	113	102	128	113	102	115	121	123	98	115	101	108	119	127	95	106	85	119	98	119	134	125	109	132	113	106	109	116	108	102	149	117	125	122	118	118	92	126	112	119	112	129	110	113	119	111	139	110	94	124	140	106	132	112	103	103	136	98	111	102	97	109	124	105	106	116	107	110	116	112	109	93	111	123	117	103	101
cell111	183	155	154	151	152	182	178	160	173	141	156	164	161	165	161	137	140	148	162	148	152	150	159	164	168	150	145	146	173	178	154	151	203	167	144	147	167	147	156	163	153	166	153	168	161	149	153	166	144	150	159	148	155	165	141	164	160	156	153	172	147	134	161	152	146	141	168	162	133	172	168	150	190	151	145	155	157	146	147	169	164	147	140	169	156	163	181	162	169	173	174	172	138	150	141	158	125	161	156	170	176	142	178	147	146	128	135	165	159	132	163	177	130	132	155	133	173	143	135	158	151	130	143	133	160	174	155	145	135	150	162	141	148	145	171	166	164	149	146	145	167	133	153	144	155	156	150	176	173	176	188	151	144	166	153	151	172	175	150	156	148	140	155	159	158	191	164	170	180	161	157	141	134	156	167	158	144	158	172	165	166	162	140	173	158	161	147	150	172	137	141	140	147	141	192	162	167	155	140	160	157	147	160	159	153	195	159	138	181	169	164	146	160	146	150	155	163	154	151	174	156	147	142	128	165	152	161	151	166	146	193	182	178	165	151	154	126	157	173	155	162	168	160	146	101	107	104	116	142	95	104	91	111	101	143	105	109	108	129	118	88	135	104	96	107	105	96	99	97	113	84	115	109	127	112	90	104	82	136	94	115	89	102	93	109	104	83	116	93	104	108	118	120	98	107	90	103	98	81	121	105	110	102	94	87	93	122	120	108	116	115	93	111	97	117	110	96	107	87	108	117	102	109	81	103	92	107	93	103	105	127	98	95	119	95	98	100	117	106	71	102	103	116	105	89	97	136	99	98	101	105	109	112	114	107	93	95	108	92	94	94	117	111	98	104	104	104	128	98	97	109	98	95	110	103	98	99	117	112	82	109	105	103	126	99	96	115	75	119	93	116	106	80	84	97	85	97	112	111	109	123	99	87	109	100	80	92	114	119	109	99	99	114	115	87	125	125	120	107	97	117	87	94	105	110	121	120	101	113	99	103	91	105	111	109	96	107	93	112	113	114	101	113	83	115	115	98	97	108	116	74	111	106	125	113	104	110	90	115	121	111	77	102	91	107	114	114	116	116	106	117	95	95	98	92	101	96	92	88	100	104	106	96	90	119	113	106	89	105	104	100	100	110	88	98	106	89	108
cell112	98	97	101	91	81	91	118	98	105	99	118	100	106	104	84	86	93	84	94	97	88	112	99	95	82	85	72	95	87	110	109	90	113	81	85	95	104	110	121	85	87	84	92	96	87	118	76	107	90	88	83	80	84	84	105	94	102	111	112	94	87	101	110	85	86	99	105	92	91	97	113	90	98	103	99	95	92	82	84	112	81	80	93	71	94	104	100	88	95	83	94	94	86	95	97	86	88	103	89	90	100	87	90	92	78	72	106	90	88	94	112	91	92	92	95	87	91	85	94	91	85	82	86	100	93	105	101	112	106	118	86	96	95	75	85	98	111	81	97	88	114	93	106	101	97	79	94	109	102	87	94	87	90	90	83	93	78	106	101	95	93	78	85	100	85	87	86	87	116	87	89	98	99	102	93	100	100	107	108	105	106	74	88	102	98	103	98	96	93	74	106	104	82	99	102	88	125	97	82	80	107	84	92	94	89	99	95	94	102	96	87	108	107	93	94	89	95	94	101	94	80	87	93	77	101	95	95	97	111	86	101	106	109	91	97	78	89	93	94	91	93	108	98	88	77	58	49	71	77	64	68	64	59	62	38	51	75	47	53	55	59	76	69	59	62	77	54	59	56	57	64	65	67	67	55	60	72	71	68	75	49	63	54	64	52	57	59	48	52	49	55	86	58	71	47	62	71	55	64	64	68	72	72	68	68	55	73	61	69	72	58	60	58	57	74	67	56	58	70	70	69	68	55	53	62	57	66	56	63	59	72	60	61	76	53	72	73	69	54	56	60	68	65	49	72	70	66	55	57	67	79	53	76	41	60	54	54	59	50	73	67	58	70	63	60	58	60	79	59	65	62	57	72	58	60	74	64	52	66	63	58	67	65	65	73	79	59	67	67	55	50	77	60	66	52	48	59	65	58	74	61	61	70	74	72	64	61	62	54	77	79	60	65	61	65	70	77	69	61	72	79	67	72	57	72	66	67	71	53	50	64	67	70	42	70	74	70	55	66	75	56	64	61	73	66	72	76	47	63	60	74	69	66	78	61	77	77	80	74	66	65	48	74	64	54	85	55	77	54	87	72	53	65	58	60	73	55	55	62	69	65	67	59	76	66	62	66	62	57	73	52	61	62	64	57	66	45	55
cell113	60	59	65	51	58	66	82	71	72	94	67	84	82	83	71	58	63	67	71	73	71	76	74	68	93	85	59	59	71	65	88	71	79	78	70	68	54	65	66	63	86	68	63	85	76	75	69	84	64	58	62	64	64	87	79	86	87	73	78	75	68	64	73	81	79	60	66	85	76	73	80	80	70	66	65	70	90	66	84	63	67	89	76	62	72	88	79	69	77	72	68	58	61	72	68	64	46	58	74	71	78	68	83	68	70	76	70	81	58	69	75	72	62	63	81	71	75	75	69	68	75	75	60	67	69	82	62	75	74	72	70	77	95	73	71	80	83	63	73	79	77	66	85	72	80	64	68	65	83	72	72	75	76	70	70	84	72	64	80	81	79	69	83	84	73	70	71	72	80	83	89	63	78	76	99	75	69	93	70	63	75	85	54	70	71	65	71	68	67	66	61	73	47	82	80	74	84	79	70	95	82	45	69	77	71	70	63	77	77	95	73	81	76	66	80	77	70	67	80	76	73	74	75	86	70	78	62	78	74	74	88	74	68	73	59	62	73	62	72	79	79	70	80	81	39	61	33	58	64	53	54	48	51	56	57	54	46	45	54	37	43	50	50	33	49	39	42	43	44	58	47	42	54	50	55	48	59	46	50	67	46	36	51	51	36	47	46	47	49	45	62	50	60	53	56	41	52	43	52	46	56	48	57	48	40	47	51	54	42	53	50	60	55	50	35	52	45	50	54	38	49	49	53	52	42	48	59	46	44	39	55	48	44	62	50	57	48	55	52	33	45	50	45	54	54	42	45	40	63	58	46	49	45	41	29	41	43	47	46	54	48	55	54	43	51	49	46	55	39	42	46	44	52	49	38	63	51	61	55	45	50	57	39	41	53	43	53	65	53	48	46	49	59	40	54	40	43	49	41	57	48	48	43	43	55	55	50	60	60	44	54	35	40	46	37	68	48	54	47	57	48	38	65	51	50	48	55	52	49	45	49	55	46	44	58	53	54	54	52	54	37	46	53	49	39	58	47	55	42	42	45	50	42	53	60	51	55	60	48	48	48	50	58	55	55	52	59	60	48	45	37	43	48	57	59	50	55	39	62	54	40	42	50	29	53	46	44	34	36	60	51	62	44	45	43	46	49	44
cell114	169	136	147	140	142	145	141	126	151	128	141	156	134	152	138	141	146	151	158	140	124	140	144	181	143	145	132	153	159	153	154	156	161	150	142	138	148	158	153	166	144	131	155	152	176	136	130	142	150	145	138	132	142	180	148	167	140	149	129	144	153	151	150	152	136	136	170	139	141	135	147	153	157	148	139	152	132	146	111	165	109	142	144	137	153	140	146	144	168	141	161	179	149	138	140	139	152	139	134	144	130	138	143	143	150	119	140	147	138	144	134	156	138	139	135	128	151	142	147	140	136	154	151	134	153	140	134	163	153	162	134	154	152	116	157	163	129	161	147	150	147	151	162	159	147	158	130	151	121	137	158	129	120	142	135	128	157	159	145	129	151	135	151	134	134	155	150	153	168	146	168	124	135	147	139	175	154	167	140	158	154	141	142	151	131	151	139	135	173	149	137	157	144	143	144	152	189	149	138	126	149	125	144	175	137	171	171	178	164	154	153	139	152	129	147	136	138	146	145	138	148	140	142	144	161	115	156	133	136	143	151	166	166	150	153	133	142	146	119	142	140	144	153	106	89	96	90	107	111	105	97	99	105	76	113	90	73	92	75	94	94	115	98	101	121	92	86	106	84	94	84	110	89	87	103	96	99	108	100	98	83	97	117	107	104	91	106	95	86	90	86	105	115	90	107	86	123	97	98	110	105	110	103	102	91	112	119	81	77	98	101	70	85	93	120	101	89	100	103	83	104	100	105	100	92	101	113	97	113	91	110	112	105	120	102	107	95	86	89	71	99	80	106	96	82	105	94	86	88	117	100	101	108	93	95	107	83	86	99	91	104	90	132	89	106	109	113	87	96	85	97	83	75	103	109	107	111	112	97	87	93	109	109	104	91	101	106	99	107	85	72	102	92	91	94	101	82	105	92	100	96	77	96	106	95	105	92	93	97	99	101	79	90	100	92	122	89	87	82	105	95	88	91	95	106	105	96	80	88	97	86	107	87	78	84	87	86	94	103	101	105	107	99	95	98	98	109	118	95	116	90	114	107	102	102	85	114	98	109	102	95	96	101	91	107	102	95	105	86	106	85	96	101	94	104	110	111	99	106	100	82	87	85	101	110	95	110	90	86	96	100	99	87	96	84	79	74	93
cell115	144	110	126	125	110	130	125	111	116	119	121	122	148	119	130	112	110	123	136	108	124	142	152	120	125	116	124	118	120	133	147	120	139	133	140	120	125	134	132	150	101	134	117	122	121	142	122	111	128	118	125	107	110	149	129	136	114	141	121	130	144	124	147	131	127	107	142	142	128	134	141	111	143	116	124	127	124	109	132	136	108	126	112	127	119	112	156	147	129	143	125	140	139	122	119	116	107	122	128	136	117	145	132	117	100	99	120	139	130	118	113	109	112	98	116	127	120	121	103	115	124	135	148	127	142	136	130	107	122	141	156	126	119	142	149	121	149	119	127	131	140	111	104	110	114	116	139	129	127	115	121	120	117	116	108	113	130	122	146	123	123	128	152	127	130	138	107	113	131	119	124	133	118	118	121	136	104	103	118	159	124	96	143	132	149	143	119	142	124	103	114	144	118	137	142	151	141	132	123	133	110	115	132	134	133	141	114	138	129	118	132	143	140	120	138	133	101	114	99	131	124	126	148	119	128	134	131	125	108	102	168	144	128	119	107	122	137	113	144	131	143	146	123	133	86	86	89	89	83	84	83	72	75	74	75	86	74	83	83	75	80	85	85	71	98	86	79	106	88	82	78	92	83	95	88	92	72	79	93	90	80	67	75	84	83	80	73	88	78	74	80	84	88	75	72	92	100	80	94	88	77	93	94	97	74	75	96	61	101	87	73	62	80	82	100	102	82	92	81	101	86	88	77	83	69	75	73	89	97	85	95	83	87	87	73	92	76	73	79	65	87	82	84	84	80	90	80	104	93	92	89	62	94	83	84	82	60	89	76	74	83	77	103	84	77	95	97	104	93	67	97	82	94	78	107	94	76	94	81	73	76	70	87	88	91	78	93	82	94	84	68	75	76	82	78	74	80	66	74	84	81	69	82	68	86	81	68	90	87	95	87	76	75	82	90	95	84	83	80	82	78	92	70	79	76	88	66	90	82	71	80	79	73	92	87	81	83	70	61	86	83	106	103	80	99	84	106	78	71	86	76	87	79	70	97	85	83	69	81	100	95	78	87	66	67	103	93	90	75	78	97	91	79	101	74	78	80	76	80	108	76	87	71	78	79	94	81	86	80	74	81	105	82	83	90	72	70	84
cell116	147	113	108	119	106	92	116	98	103	106	129	93	117	105	127	82	102	115	108	99	94	126	120	105	120	109	117	139	115	112	137	111	136	113	102	92	131	118	98	108	120	92	92	111	97	109	116	176	142	170	185	134	158	189	165	160	151	157	154	195	177	178	184	177	160	128	185	155	162	162	156	167	165	158	169	96	120	88	113	108	102	46	66	61	0	0	0	55	44	73	122	117	96	114	122	100	85	106	118	98	117	92	128	99	106	101	108	105	90	104	123	112	113	105	103	108	114	107	108	131	103	108	127	101	112	129	90	122	93	94	103	140	104	81	99	124	114	126	103	111	118	91	113	111	121	100	110	130	114	95	120	117	110	113	104	92	117	108	102	122	113	106	122	112	98	113	93	112	124	129	111	90	109	121	112	115	114	137	114	125	128	119	105	118	117	137	87	113	104	97	96	106	124	106	111	109	133	109	96	104	124	100	114	118	101	127	109	114	115	110	100	122	118	92	98	98	124	104	108	119	109	112	115	119	96	102	114	101	123	122	111	110	120	117	98	112	101	113	97	97	125	122	116	104	111	117	110	125	116	105	116	105	100	126	115	114	107	116	120	103	104	104	116	93	90	112	87	127	126	109	88	111	124	118	117	106	118	118	123	117	122	93	112	113	106	89	108	94	105	105	116	101	101	97	102	113	113	96	106	111	123	114	99	109	110	107	129	128	106	111	125	101	109	121	110	123	107	118	96	110	115	103	110	79	103	99	118	101	100	103	99	132	112	109	123	75	99	124	119	109	111	110	135	121	115	117	130	121	114	114	118	102	114	126	113	117	107	119	90	103	113	107	106	95	124	95	102	112	105	115	125	125	112	124	123	124	99	105	124	96	87	104	124	129	102	134	116	97	110	122	112	116	110	91	99	86	118	116	108	113	118	90	112	92	93	119	103	89	109	119	126	112	102	102	95	114	101	135	121	118	93	107	95	102	103	111	92	106	115	114	96	109	106	103	117	113	115	109	108	95	108	119	141	121	113	113	111	114	100	109	97	128	138	102	87	111	118	107	101	115	134	96	96	99	108	128	111	114	117	99	104	122	110	104	97	112	112	111	115	98	102	95	101	105	114	121	98	115	106	89	117	107	126	106	111	95	105	104
cell117	121	119	105	105	114	139	136	137	132	120	113	125	125	112	87	97	104	109	104	96	120	117	115	127	123	119	107	102	116	114	116	136	146	126	117	108	119	126	124	100	121	105	108	140	117	133	102	167	188	170	163	163	180	174	183	212	166	204	195	183	182	189	188	188	182	165	176	156	149	187	210	162	201	156	161	116	121	131	105	125	109	56	57	50	0	0	0	59	66	57	122	125	118	111	113	101	104	122	115	132	112	117	142	103	131	100	122	136	106	110	117	117	120	118	99	119	129	128	113	119	112	109	120	117	108	113	118	140	116	119	119	128	128	118	98	107	150	125	130	110	124	125	128	116	112	103	114	135	106	117	101	107	122	124	111	140	126	116	119	110	104	116	123	141	116	129	113	97	114	123	128	98	126	111	123	123	113	127	124	127	116	106	113	107	138	129	122	115	122	111	120	138	111	113	138	119	111	119	114	131	131	142	123	140	107	147	117	123	133	116	121	120	120	110	118	105	145	90	111	128	125	98	122	127	103	117	111	131	115	130	135	133	126	113	102	114	112	118	129	101	121	106	109	120	133	122	120	125	151	95	124	126	116	124	128	94	112	126	125	136	113	117	124	99	119	146	106	153	139	133	108	108	95	114	128	130	126	117	102	102	94	116	123	118	128	119	124	113	100	110	120	138	110	122	113	125	110	104	110	107	132	153	103	119	112	108	143	99	139	125	118	108	110	120	122	139	123	117	128	114	112	114	117	116	110	116	127	112	127	95	112	112	99	130	123	135	104	124	125	108	135	121	119	126	118	134	140	120	123	126	125	103	123	103	113	127	98	102	112	128	122	115	107	95	125	118	121	112	121	115	122	111	136	124	110	127	148	115	132	112	115	123	129	124	110	125	117	112	106	129	107	117	115	115	124	106	107	137	126	120	108	112	117	106	111	109	110	101	111	124	123	109	127	128	102	113	128	127	127	136	104	117	107	128	128	116	120	112	109	118	121	113	118	116	114	106	121	121	119	97	121	112	118	111	126	137	123	134	131	119	117	140	118	126	118	125	111	118	121	123	140	119	138	134	116	128	109	143	127	106	141	111	111	122	113	104	109	112	106	132	114	106	89	129	125	106	131	112	124	136	117	117	109	102	124	115	109	95
cell118	163	143	165	156	139	147	147	131	153	158	158	157	153	134	141	156	138	149	147	154	150	151	145	163	160	148	162	166	150	169	153	140	165	142	122	145	178	149	151	168	131	139	153	134	149	135	143	157	154	143	126	152	165	144	159	131	168	162	144	159	129	136	154	149	133	138	156	145	160	150	147	153	143	144	161	137	158	147	128	154	144	158	160	168	141	132	169	141	157	160	144	152	140	150	153	146	123	141	145	119	127	149	135	136	144	127	128	159	135	131	166	160	165	107	148	144	175	171	131	165	142	127	158	137	152	174	125	197	131	151	146	130	185	151	168	148	178	151	149	155	152	146	136	135	142	136	171	127	125	151	157	139	150	142	158	145	138	168	148	174	151	132	157	171	143	178	140	165	171	172	137	125	127	132	121	147	141	162	128	177	134	110	145	156	175	190	149	148	149	144	142	155	150	137	157	147	173	153	156	146	158	157	146	151	132	132	165	165	153	156	146	136	179	149	151	169	119	142	161	157	168	152	136	179	148	175	138	148	131	155	152	160	180	177	147	133	132	158	146	141	146	141	160	166	96	119	89	122	119	112	93	95	110	98	96	97	101	106	83	95	108	123	112	96	117	104	74	97	105	86	97	112	102	92	107	104	94	95	115	112	110	94	98	90	93	104	87	87	99	97	92	111	104	114	98	100	119	103	102	110	86	114	105	102	99	110	103	81	108	104	111	101	96	97	83	128	85	112	81	94	106	100	107	99	97	113	115	88	89	88	127	94	110	120	119	91	99	111	103	92	122	101	107	95	116	94	97	79	86	107	90	87	103	93	113	99	87	104	93	86	102	101	104	86	92	108	94	111	124	94	108	97	101	91	90	117	90	109	79	98	93	128	104	92	113	95	107	104	92	105	107	94	95	102	107	93	107	103	97	103	82	85	101	90	84	102	86	104	104	106	120	107	100	112	98	103	95	107	93	100	103	95	98	97	96	98	98	123	93	74	109	83	115	95	93	112	93	95	101	91	101	126	114	116	78	106	115	94	111	113	73	105	126	83	89	86	101	84	93	101	103	85	113	102	99	101	110	113	103	113	102	101	104	97	100	112	99	96	103	112	101	94	90	110	97	106	96	85	119	91	122	113	113	87	101	89	96	83
cell119	177	176	193	176	176	176	192	155	179	194	185	162	201	176	193	170	153	177	165	180	167	160	173	194	177	178	196	184	186	181	203	193	218	163	164	172	166	181	222	196	188	171	193	189	164	193	195	203	191	167	177	194	178	167	174	218	169	190	193	198	187	188	194	204	192	167	192	197	176	201	187	165	167	171	159	160	170	157	177	199	177	197	157	194	183	182	191	186	189	209	177	209	165	185	189	155	168	162	163	156	185	187	173	173	175	160	170	184	194	175	191	191	178	174	191	173	195	186	171	201	153	189	181	175	173	191	157	219	176	181	209	186	192	173	161	203	197	172	187	189	205	186	173	191	146	173	181	183	174	170	171	158	177	158	183	178	189	179	194	188	185	201	177	166	152	200	150	173	189	191	166	148	169	197	160	180	175	187	200	211	187	166	189	185	184	155	160	170	176	171	198	158	173	174	197	168	186	188	176	197	186	188	203	172	177	189	181	217	228	171	182	191	181	166	173	174	192	152	159	194	185	167	181	181	157	184	165	178	189	191	187	172	184	201	170	175	165	195	176	139	186	206	188	172	120	121	117	111	128	135	130	137	113	127	105	113	121	128	107	117	142	146	105	112	116	143	105	132	141	121	105	105	111	127	128	122	118	141	129	106	119	109	123	115	101	125	108	112	115	106	109	117	129	124	127	118	122	124	109	125	124	129	107	139	137	122	122	93	96	137	146	95	112	111	126	138	125	134	119	128	141	112	120	109	156	123	137	115	126	117	117	130	124	122	116	101	127	108	130	112	138	109	141	105	106	120	120	116	120	131	120	128	104	113	121	123	94	127	120	116	125	139	136	121	116	125	109	123	117	110	133	137	122	105	122	110	124	122	156	106	108	131	119	148	117	109	124	116	104	119	126	112	124	139	119	103	130	117	112	94	111	89	130	114	126	105	113	103	112	134	127	101	128	135	100	142	129	95	143	117	128	103	120	141	104	136	109	112	116	134	102	119	111	135	123	129	107	121	117	117	120	127	116	122	133	158	120	129	106	132	112	134	136	126	126	112	120	114	144	133	109	118	117	121	112	152	115	136	103	122	114	121	106	124	125	123	108	119	118	144	121	107	104	112	150	123	131	117	108	122	112	115	111	114	119	105	109	83
cell120	144	137	162	152	168	154	169	142	137	145	166	163	130	163	136	163	156	137	168	154	162	158	142	163	136	154	145	171	150	182	149	160	165	176	152	161	158	154	177	150	163	132	172	165	138	174	132	162	157	162	171	142	159	179	147	173	167	149	157	152	172	142	170	162	164	145	160	175	153	153	175	156	148	145	159	156	143	145	161	177	137	131	144	155	142	157	155	139	164	152	165	162	152	146	133	152	146	163	139	142	140	162	150	136	154	140	164	155	175	150	166	143	144	131	157	154	161	131	169	151	126	179	170	138	159	166	134	184	154	147	181	144	141	128	171	150	159	133	145	138	141	143	164	134	157	180	163	194	161	131	151	150	161	164	131	151	162	159	150	165	166	141	176	137	151	183	157	154	157	168	157	147	149	155	150	169	143	162	182	185	148	171	142	140	171	155	147	169	148	159	116	166	161	141	161	146	159	142	152	151	167	140	178	157	151	136	163	180	182	134	146	172	166	145	148	140	143	131	163	159	144	149	145	160	171	163	146	166	141	127	165	148	188	134	148	166	132	165	165	145	166	177	180	161	90	116	95	120	108	104	113	80	120	99	105	100	109	106	112	111	118	107	120	87	119	98	76	114	128	96	96	112	107	94	122	85	95	96	106	101	84	87	98	112	87	86	99	95	110	111	120	99	91	103	118	96	100	100	106	98	102	107	85	92	110	97	123	92	112	91	105	96	97	105	129	114	78	100	96	110	106	127	97	97	81	89	109	106	104	104	88	112	77	105	130	104	105	109	104	85	113	113	116	95	96	86	101	105	93	108	98	96	99	89	100	119	100	107	96	102	120	83	74	105	95	93	103	97	102	100	104	110	106	93	95	108	102	89	101	99	94	106	102	100	100	126	108	96	112	97	97	93	103	105	85	91	100	114	99	108	109	87	95	85	103	94	109	90	115	105	112	104	110	120	111	100	115	115	109	107	84	87	105	116	101	112	110	91	90	102	109	95	116	95	96	86	106	92	116	105	126	125	95	106	97	120	102	112	95	126	87	104	109	102	100	93	92	108	106	113	118	123	117	120	87	114	91	103	95	117	103	107	98	101	94	116	80	119	104	129	91	116	104	101	107	99	114	109	118	81	110	93	107	94	87	87	94	83
cell121	179	166	167	179	169	172	183	157	176	170	196	157	183	166	178	116	154	151	181	163	156	194	178	162	174	169	178	187	173	198	150	149	191	176	148	145	181	176	190	196	178	169	172	169	189	165	187	148	170	173	158	164	152	180	161	157	178	195	178	166	167	187	188	180	153	171	186	151	172	158	168	165	155	156	155	163	158	168	153	176	158	158	152	180	178	167	211	169	180	155	155	167	162	144	155	163	149	162	175	146	157	166	173	139	138	135	146	176	170	179	177	165	188	132	184	174	187	158	145	166	140	178	194	161	179	181	172	176	171	174	160	156	185	162	185	175	198	167	189	150	145	172	177	182	163	148	182	191	183	156	185	163	163	172	166	159	149	175	176	153	170	153	177	157	195	190	174	157	156	154	168	181	137	174	134	180	136	167	150	166	147	157	163	165	183	183	156	183	163	159	167	152	174	157	186	181	171	151	190	180	163	188	170	172	181	180	186	181	193	182	158	178	166	158	183	153	135	148	158	172	151	169	160	174	165	170	165	183	167	155	181	168	189	174	148	152	167	168	160	154	198	204	176	147	103	121	106	110	121	106	131	93	112	122	112	112	110	113	102	118	108	106	118	112	122	100	96	122	120	111	114	103	124	128	120	113	119	117	111	108	103	118	115	110	108	112	114	94	104	97	122	116	120	109	114	116	105	138	111	107	96	111	124	125	108	128	118	102	122	111	142	100	113	108	108	129	123	106	117	117	106	118	131	105	106	103	106	135	98	110	93	141	118	112	102	111	115	113	115	99	106	122	119	102	119	117	120	110	136	104	96	114	110	125	120	95	100	122	109	103	116	117	127	100	140	122	113	116	106	94	122	121	111	106	124	123	92	120	113	104	97	127	118	111	114	120	117	108	107	112	114	120	103	110	114	113	105	100	106	108	119	107	101	111	99	125	94	99	78	116	125	92	114	125	111	124	131	97	128	105	109	118	123	121	106	136	103	103	106	107	112	119	114	98	115	104	111	106	104	111	116	113	100	102	118	124	103	106	127	109	99	125	100	108	98	125	111	124	124	129	113	102	131	119	113	116	103	121	120	113	122	120	102	126	110	100	109	119	96	134	95	95	108	124	106	110	122	123	116	124	131	111	120	103	113	110	102	103
cell122	110	113	119	105	111	124	137	123	124	119	112	132	125	133	105	90	111	117	116	106	110	97	111	109	118	101	133	130	124	136	114	114	121	110	116	130	118	126	134	129	105	119	125	107	104	126	134	129	105	119	115	94	105	134	134	108	111	111	111	143	127	122	109	124	109	102	107	134	126	117	130	106	118	111	106	125	105	102	101	111	125	118	129	119	106	115	121	124	121	135	118	109	116	117	121	113	114	122	114	108	112	116	129	122	117	107	111	132	117	121	134	124	130	95	111	126	137	114	89	106	94	123	107	110	131	116	100	137	134	82	123	118	110	104	130	117	135	127	114	110	113	106	137	96	116	116	143	163	106	129	113	112	117	104	116	108	109	113	134	135	133	115	108	133	118	145	116	118	114	131	108	99	91	109	103	130	136	127	112	137	119	100	117	112	128	138	107	116	125	110	117	111	142	114	123	118	148	114	122	100	114	123	119	126	117	95	127	133	130	123	133	114	142	110	107	113	128	114	131	134	110	107	105	107	106	113	124	128	99	128	145	136	127	103	116	108	120	109	101	114	124	131	134	103	74	83	77	75	83	74	75	67	91	90	88	67	81	68	96	73	70	94	73	69	86	80	76	83	77	89	59	91	81	67	93	83	67	78	65	78	75	82	80	95	70	77	80	82	75	81	69	81	76	80	71	83	76	84	57	62	72	76	66	68	80	89	76	82	69	82	77	79	83	70	106	73	90	82	86	83	73	85	76	82	74	82	78	97	90	65	85	98	85	85	80	75	85	70	72	71	64	74	82	73	79	78	64	71	69	84	82	82	83	76	60	78	73	52	81	68	71	77	88	65	84	79	90	72	93	77	84	76	69	79	87	95	72	73	70	60	81	85	86	93	101	89	83	83	79	77	77	79	78	91	75	71	76	93	97	75	86	71	76	73	75	63	74	69	78	93	81	76	82	76	56	70	91	86	91	75	78	72	78	64	93	64	77	74	70	69	76	59	72	87	73	76	91	73	61	73	75	79	83	65	98	85	75	98	83	93	72	107	69	63	72	69	89	97	72	89	73	78	83	61	69	87	82	88	78	61	87	67	67	83	77	73	57	69	62	86	66	74	71	76	72	90	75	88	72	82	83	70	63	89	72	72	62	87
cell123	148	136	145	147	136	119	158	150	131	117	130	170	157	137	144	115	121	137	144	130	125	134	147	151	123	128	144	154	151	150	138	146	153	152	131	129	122	151	157	136	149	117	146	141	143	149	139	128	138	135	135	129	136	145	140	160	143	139	131	146	138	129	155	140	132	126	129	135	124	129	160	135	149	154	138	130	138	146	139	141	106	131	113	137	109	111	142	118	156	140	98	158	131	142	135	125	150	121	140	125	146	119	136	117	146	99	128	145	146	134	129	124	143	115	146	136	124	119	114	145	115	133	136	136	133	154	129	146	145	133	123	119	146	111	150	123	160	120	145	127	153	135	147	128	117	144	128	147	150	138	132	136	129	149	136	114	145	140	127	167	138	132	150	140	136	131	134	130	150	138	137	143	109	139	142	148	137	156	135	138	155	139	135	98	150	112	124	139	140	123	128	145	131	117	152	165	158	133	151	146	126	112	149	131	138	161	133	141	141	116	139	135	131	134	127	132	116	146	148	149	139	127	123	146	111	140	171	153	145	136	143	142	148	134	151	133	130	146	141	133	168	135	151	124	112	107	86	98	95	84	74	93	88	94	110	107	91	92	75	89	98	102	95	83	103	105	81	119	83	97	83	85	92	111	95	87	97	91	102	113	80	92	84	85	89	94	99	101	113	90	97	95	87	94	86	100	94	98	97	102	77	102	100	90	82	108	96	78	88	110	95	72	105	78	103	106	68	112	95	96	100	91	104	71	91	92	92	110	78	88	90	94	83	84	119	99	93	109	91	77	85	79	91	85	97	99	90	81	84	119	96	94	82	94	97	84	72	99	84	79	92	84	93	79	86	89	103	101	98	99	87	99	100	77	92	94	74	96	103	70	87	107	83	85	92	102	97	76	86	88	83	86	91	83	65	88	93	94	91	99	85	76	72	71	93	99	86	81	82	103	99	80	88	79	72	107	105	85	88	102	85	77	97	77	80	77	91	76	87	79	94	92	95	98	89	101	101	91	78	79	97	78	104	92	88	104	107	84	95	109	80	88	111	87	91	69	87	92	97	82	89	91	104	86	103	87	87	107	81	94	107	111	88	87	86	94	85	82	72	89	86	96	104	110	84	87	103	90	93	100	98	107	86	90	87	90	81	75
cell124	163	158	151	137	149	171	158	141	146	140	161	157	143	180	155	135	147	137	165	143	125	172	148	157	179	159	147	178	156	169	136	155	165	150	162	170	167	130	157	149	166	147	174	136	163	149	155	131	161	151	142	140	128	132	158	149	155	163	131	161	169	158	196	173	168	175	145	132	139	147	146	173	185	157	141	153	132	152	136	161	134	153	161	150	144	140	152	153	174	151	153	155	151	144	175	161	136	147	131	153	145	160	168	127	142	150	175	163	154	152	172	158	162	128	167	124	169	153	144	149	123	160	146	153	141	154	167	152	168	174	145	144	163	131	162	158	184	153	148	147	169	144	155	141	159	139	151	163	149	143	141	147	176	172	119	141	135	144	145	152	161	141	162	144	162	166	159	177	156	162	151	112	139	141	149	164	145	156	155	186	149	162	145	141	113	163	151	155	172	153	140	126	144	146	160	158	156	147	155	147	158	140	138	169	149	150	137	163	168	169	160	144	163	126	162	147	151	135	144	165	140	139	143	140	155	143	165	166	161	135	167	172	156	170	149	134	130	150	133	151	150	166	168	165	105	119	115	78	132	118	101	103	120	97	107	95	98	111	104	103	107	118	116	103	110	105	96	86	115	115	106	89	96	117	85	100	92	99	87	112	102	81	95	94	120	97	111	100	92	99	104	111	110	112	106	103	128	79	104	97	101	89	79	123	114	102	113	96	108	84	97	93	84	82	114	100	99	109	89	100	132	109	78	82	104	92	110	115	106	85	95	121	105	111	112	102	99	101	96	93	124	99	116	109	123	105	108	105	103	95	101	93	101	88	93	99	101	117	90	121	83	92	109	68	83	109	108	100	100	92	119	86	89	97	96	111	95	87	95	109	95	112	114	97	104	95	102	97	96	81	93	114	106	107	91	99	96	129	98	120	101	104	91	87	115	94	95	90	100	117	111	106	93	101	89	94	114	95	103	113	113	122	91	110	99	101	97	109	87	98	91	78	110	109	118	106	106	107	97	100	115	103	100	107	90	112	115	91	100	99	90	119	100	92	101	113	117	100	116	130	90	95	115	100	95	130	116	112	96	92	107	108	98	92	91	92	105	87	96	102	98	109	92	91	107	102	107	114	108	104	92	100	96	109	89	105	95	92
cell125	192	173	176	173	172	188	191	164	195	192	229	187	174	189	182	173	192	162	169	178	159	183	180	197	175	188	173	202	197	188	176	166	177	147	173	152	182	151	186	219	188	166	189	178	195	189	152	187	165	173	180	184	156	178	189	198	172	194	195	180	202	187	212	195	162	181	164	173	187	191	178	188	180	162	143	177	189	188	168	169	202	162	175	196	169	199	205	167	199	202	182	204	180	189	160	201	149	174	170	182	192	167	187	171	174	162	155	185	180	179	188	185	183	168	178	171	185	147	180	187	174	181	175	190	177	177	166	195	173	161	173	195	164	175	207	180	217	200	183	178	170	191	193	165	156	172	216	184	170	192	184	159	169	169	163	195	184	181	196	178	208	173	212	169	196	213	202	186	185	204	175	180	178	168	178	188	179	192	168	197	188	159	188	160	201	186	177	166	172	180	172	151	188	170	208	184	194	172	173	159	196	161	190	181	172	185	165	187	211	190	193	197	188	177	149	193	161	175	193	179	193	197	195	190	163	196	185	173	184	184	192	200	192	192	178	150	168	173	181	183	190	195	195	172	134	143	106	138	126	113	147	120	128	136	123	129	118	129	125	114	122	116	138	113	132	117	109	129	98	132	137	127	134	113	144	102	127	107	114	124	110	107	153	127	137	127	125	122	115	110	111	131	122	115	108	120	122	125	113	120	128	109	129	128	123	124	122	95	109	107	148	108	121	116	141	144	108	109	114	144	107	120	128	126	100	121	117	119	115	116	110	125	111	122	123	115	120	122	111	110	148	124	158	139	108	116	111	146	134	134	122	117	109	124	109	127	106	117	136	118	121	108	129	118	114	129	159	114	116	123	138	118	129	100	130	115	120	109	130	127	125	115	141	129	133	139	135	118	125	114	139	136	105	109	110	119	122	112	115	108	130	126	131	117	113	127	115	112	114	124	146	130	116	117	151	147	116	117	133	147	118	112	125	120	116	136	120	128	103	123	134	130	105	119	123	110	128	117	118	115	131	127	134	139	123	132	127	148	124	112	103	145	121	127	127	121	123	114	126	135	128	121	123	123	131	132	106	121	134	119	134	129	127	123	125	116	106	113	116	124	112	120	115	111	137	131	116	122	142	131	134	125	119	111	142	122	108	98
cell126	96	89	84	97	103	95	95	85	73	69	78	78	71	80	78	71	80	98	90	69	81	89	75	95	87	74	86	90	90	89	73	88	99	71	78	64	86	87	90	83	68	86	76	100	68	97	105	117	160	127	127	117	127	120	128	125	131	141	112	135	119	150	145	125	134	139	122	131	121	136	149	111	156	127	115	107	102	98	72	80	77	43	54	26	0	0	0	46	41	35	97	93	83	68	69	69	79	75	98	86	71	68	101	82	77	69	110	81	84	83	82	94	74	80	110	69	84	97	96	93	70	81	98	81	83	89	71	91	85	83	89	95	105	67	88	70	86	81	97	92	86	77	101	77	85	97	85	87	90	82	101	70	77	81	71	87	92	90	89	84	75	79	94	85	96	115	80	93	97	77	73	80	71	95	76	91	61	89	86	85	89	82	87	81	113	95	97	91	102	91	83	94	77	97	87	80	100	82	87	73	94	86	86	94	102	96	95	100	88	77	78	88	93	82	85	70	86	74	68	83	89	80	85	90	92	90	71	86	81	86	96	101	100	100	86	85	89	88	95	76	93	82	87	96	80	87	94	96	112	106	92	104	84	101	96	88	91	91	85	102	78	94	84	73	85	99	77	98	88	110	86	84	86	73	91	85	88	78	89	115	88	82	79	80	80	74	88	91	73	78	80	78	78	85	96	78	81	100	89	91	95	95	95	87	89	98	99	79	92	97	84	76	89	86	97	99	87	90	74	91	75	96	93	85	89	91	83	65	96	78	94	84	97	80	75	90	80	92	81	71	94	84	98	85	99	75	77	94	80	85	69	74	67	89	91	81	95	82	95	89	89	64	69	66	71	79	87	84	92	79	94	85	100	76	82	84	82	106	73	84	73	88	89	91	97	79	95	77	70	69	81	85	86	87	84	77	77	72	78	78	90	66	83	81	75	82	82	86	89	103	76	90	74	102	71	96	86	87	88	100	85	80	83	90	94	77	74	85	70	63	86	83	90	86	79	81	81	64	102	85	99	96	103	99	92	95	88	87	81	78	85	81	82	104	93	91	73	75	94	87	82	62	109	93	73	96	86	88	92	76	93	78	63	100	67	81	85	84	68	82	87	70	81	90	90	83	100	78	80	95	78	99	87	80	77	77	60	74
cell127	185	167	179	162	162	156	175	185	170	160	162	164	179	174	175	151	157	185	195	187	150	180	178	158	194	157	162	180	196	173	168	150	176	167	163	172	184	145	187	179	166	136	147	164	180	149	153	165	166	192	157	141	165	178	174	197	191	178	162	197	183	182	159	158	151	142	157	163	165	172	159	149	166	144	167	173	174	155	148	194	153	178	161	168	161	168	201	157	158	184	160	172	159	151	143	141	137	161	173	197	167	155	172	145	174	161	159	183	181	168	162	146	166	120	157	157	185	153	165	161	137	151	184	152	172	171	168	193	187	181	165	181	184	149	162	173	176	135	164	166	154	167	177	181	174	153	158	200	158	145	162	162	166	148	166	170	187	145	168	159	159	143	193	189	166	193	165	175	178	186	140	164	166	181	193	167	172	188	170	198	181	145	152	175	166	184	155	179	170	180	180	156	165	158	176	165	183	170	159	160	160	173	175	179	181	192	168	162	200	171	167	169	177	143	181	178	182	161	163	170	163	179	148	162	184	168	186	162	176	177	178	175	174	176	192	159	159	169	159	183	155	170	190	188	103	119	111	129	108	124	131	108	108	126	142	124	93	94	106	110	114	116	123	96	135	113	93	115	115	127	102	109	110	101	127	113	112	134	125	129	95	120	107	106	119	116	113	133	126	102	91	123	137	122	112	110	105	115	96	110	122	137	94	104	116	111	132	125	119	111	110	108	96	117	134	141	111	115	107	96	125	120	110	118	104	120	112	99	128	130	107	117	105	131	123	126	105	115	110	104	118	102	145	111	109	91	106	111	115	121	112	89	113	136	95	123	99	113	109	87	95	115	89	101	108	114	119	117	105	104	113	126	111	102	120	121	99	116	105	100	109	128	139	114	121	114	123	105	106	122	115	120	103	126	112	124	100	104	94	109	119	99	93	111	86	109	110	92	122	125	115	98	106	106	126	123	103	116	106	118	113	112	119	90	107	113	103	102	114	87	102	118	97	121	107	83	113	102	111	123	108	142	113	85	139	116	106	125	121	134	123	125	116	116	106	119	113	93	124	106	115	121	124	109	120	123	104	120	89	119	111	118	125	100	108	105	117	116	105	126	96	102	95	93	126	131	125	104	109	108	120	120	112	122	107	110	99	98
cell128	95	73	80	92	87	89	88	76	98	103	104	92	93	82	85	81	81	96	96	92	77	89	81	89	89	86	94	83	100	80	81	91	84	69	85	79	92	86	92	77	86	95	95	94	76	81	72	139	144	136	123	119	117	132	144	136	133	148	144	142	139	133	140	164	144	137	142	157	149	138	134	128	151	130	136	91	97	86	99	99	83	53	42	47	0	0	0	50	59	59	81	97	102	74	91	100	88	83	83	81	102	77	104	81	76	74	77	82	96	96	107	88	103	79	111	68	108	57	79	84	91	98	77	95	105	67	92	86	96	79	98	65	102	80	96	87	91	87	99	93	89	75	101	83	94	96	82	88	91	80	80	97	75	78	79	72	79	82	96	91	96	98	88	76	87	100	84	109	91	92	90	91	66	95	96	76	84	86	84	82	93	96	77	81	83	100	82	76	84	80	92	95	78	87	99	82	93	84	78	70	92	72	107	85	88	74	86	77	71	97	105	88	94	85	97	71	79	66	89	92	86	76	96	92	86	86	86	89	88	87	103	83	97	89	94	99	73	73	90	72	106	99	96	92	102	95	98	107	119	76	97	101	89	90	96	86	95	80	77	90	89	82	78	84	85	117	80	88	95	76	82	92	81	86	87	75	94	84	90	95	78	99	110	78	82	95	78	81	108	88	82	102	86	81	88	80	89	99	87	85	89	80	76	109	75	80	98	86	94	90	89	92	84	73	90	82	74	91	84	89	78	86	73	75	80	92	77	93	68	71	105	87	83	85	114	75	81	99	111	73	105	81	97	100	93	87	94	77	85	104	96	98	107	97	82	89	88	89	72	101	89	86	96	85	85	84	90	99	94	86	95	105	74	81	87	101	84	86	84	72	95	96	106	102	101	104	73	96	76	76	79	87	85	96	85	87	88	90	83	82	81	75	91	82	89	82	90	77	95	94	91	76	82	100	76	96	89	92	106	105	93	63	100	85	89	85	106	79	86	81	73	91	110	65	74	74	88	74	91	73	94	91	90	73	96	89	84	88	76	85	72	84	86	81	87	85	78	82	86	91	82	78	83	103	80	87	74	86	79	86	102	100	73	89	98	73	84	81	70	90	72	74	82	86	110	91	89	81	77	92	97	87	84	102	78	90	76	72
cell129	125	151	126	126	141	126	132	118	128	129	152	129	142	148	140	120	118	153	130	141	152	147	142	137	157	160	126	161	143	127	146	157	158	149	126	135	148	155	163	141	139	125	141	161	144	133	149	140	128	150	118	138	136	129	141	138	139	135	160	163	168	155	156	139	139	137	144	132	144	128	156	131	132	120	142	136	121	133	133	152	128	125	144	141	141	137	142	134	143	159	140	143	128	121	127	126	117	120	118	139	132	144	147	138	143	145	133	137	122	112	144	169	142	138	120	142	157	128	144	146	132	147	134	133	144	135	118	162	136	127	146	142	146	128	149	131	159	121	140	142	142	149	147	136	157	154	140	158	145	148	156	142	135	128	148	129	137	132	132	114	142	127	162	129	135	158	126	134	136	171	126	127	143	150	125	145	153	150	129	160	144	136	135	124	127	155	125	159	126	143	143	138	139	134	158	121	169	134	141	142	151	154	136	143	149	175	155	161	168	148	126	142	156	128	126	135	133	145	145	146	132	135	155	149	125	115	160	125	131	146	146	131	156	143	142	137	136	137	131	135	151	156	159	113	103	74	97	89	111	104	76	77	82	94	101	77	91	87	80	87	100	121	92	92	90	94	83	88	95	105	85	98	112	94	89	82	97	87	109	98	89	74	107	75	89	134	94	83	114	73	90	93	106	102	101	88	103	108	85	61	85	95	84	97	86	107	100	84	91	98	110	91	100	82	90	102	101	105	77	86	86	96	92	98	89	94	74	94	92	98	82	83	75	115	97	105	90	93	75	94	86	96	107	99	78	80	86	87	81	85	86	98	89	84	90	94	79	114	87	84	89	90	108	96	101	116	83	99	114	84	91	92	88	86	99	102	96	85	95	93	79	112	113	112	101	85	98	82	100	103	84	93	84	81	77	93	96	104	97	96	94	86	88	72	93	68	87	98	100	107	113	105	92	83	90	89	80	84	100	87	99	96	75	104	87	94	89	96	105	87	89	95	96	78	87	78	107	85	96	97	108	95	92	82	80	96	95	98	101	95	81	94	89	98	76	82	90	92	99	110	103	87	114	92	90	101	92	105	84	105	107	88	80	105	89	88	89	78	100	109	71	74	79	94	104	82	95	89	81	103	75	102	115	86	89	86	75	83
cell130	207	162	173	171	177	170	187	194	214	167	188	189	207	166	188	184	182	173	179	207	170	193	175	191	203	172	193	183	189	189	201	200	172	173	163	170	194	187	186	202	174	169	197	184	186	157	189	192	164	178	187	180	185	190	193	177	214	198	176	222	194	174	178	202	154	184	215	179	179	157	213	177	193	166	198	164	174	187	180	200	166	188	172	178	169	191	209	174	188	167	182	188	180	179	178	161	150	170	159	181	167	178	192	167	178	156	178	202	183	188	194	197	200	184	179	190	219	192	163	204	150	188	184	201	192	176	173	203	167	199	181	152	187	185	173	186	190	174	167	187	191	181	204	159	171	173	197	200	169	178	206	160	187	192	182	173	180	207	204	159	204	173	192	187	185	193	180	216	196	182	185	201	157	161	170	195	188	188	192	175	168	168	180	169	212	183	150	208	209	188	167	173	184	162	184	187	210	201	167	170	187	184	206	200	180	172	173	213	210	188	210	203	178	204	183	206	209	184	178	161	174	161	174	174	183	193	185	184	209	174	218	198	215	180	161	185	176	203	188	171	209	191	202	167	128	121	120	123	136	125	113	120	117	118	126	112	151	127	119	129	124	109	131	131	147	145	108	140	131	125	117	134	114	114	154	119	118	124	112	128	136	124	121	127	116	123	127	137	132	128	107	126	130	122	117	118	116	144	117	119	121	144	121	117	127	136	139	108	121	103	134	109	106	98	137	160	89	130	120	120	98	143	126	102	106	128	125	112	124	105	112	128	98	131	150	105	116	140	130	106	131	115	139	136	121	105	116	122	123	106	131	105	121	135	114	105	113	118	127	132	115	121	136	121	126	118	131	127	137	123	141	120	122	123	120	126	119	133	120	126	108	131	110	135	117	139	109	116	133	111	126	111	138	112	106	118	123	110	95	116	107	125	109	112	130	110	120	131	118	125	142	121	118	105	118	131	110	126	114	122	123	100	121	128	133	106	142	121	125	103	142	126	117	110	120	124	118	108	120	119	123	112	123	118	127	122	136	127	127	132	126	112	130	128	106	117	130	99	132	145	125	116	145	109	131	143	103	143	139	135	134	112	120	125	130	111	122	117	120	127	127	113	100	116	143	114	103	118	117	137	118	152	112	121	115	101	117	131
cell131	85	70	71	73	59	74	95	78	82	87	75	89	90	81	79	79	61	81	99	83	86	78	63	71	73	75	71	92	78	81	69	79	92	94	65	68	89	90	96	83	77	76	72	82	80	86	93	68	65	75	77	72	73	83	80	82	79	96	77	88	86	80	80	70	77	72	81	75	82	68	74	82	94	73	73	87	94	77	64	79	81	89	99	83	71	66	102	79	67	95	79	88	80	74	94	73	69	83	79	78	61	74	81	72	87	70	76	72	67	70	85	75	90	68	76	76	76	93	61	78	67	93	68	65	72	89	74	88	82	87	90	90	78	75	88	82	92	86	73	83	97	76	83	90	77	82	79	86	72	91	96	77	76	84	74	70	83	77	89	88	85	75	90	79	71	73	78	83	78	80	81	78	84	85	89	91	69	72	75	79	83	68	90	64	80	74	90	82	90	67	68	72	75	95	83	71	79	67	82	65	91	70	94	79	77	72	86	82	84	81	76	92	104	85	91	70	86	79	76	82	80	62	95	53	76	83	88	82	79	73	99	80	86	82	74	65	87	66	85	83	74	74	86	76	42	64	55	62	55	49	51	46	51	50	56	69	60	38	49	51	53	41	54	42	58	43	45	73	58	62	46	48	56	52	63	60	60	50	45	52	47	54	49	51	43	42	56	64	49	51	43	63	55	47	59	65	47	54	57	49	67	51	45	47	59	46	62	69	43	53	76	46	56	54	62	54	43	55	55	53	59	61	41	50	61	48	58	59	48	57	51	52	58	51	69	60	49	58	37	66	50	48	57	46	56	50	66	49	49	56	54	43	73	52	59	71	48	46	62	53	47	62	60	48	44	41	52	48	73	60	72	61	66	44	51	47	52	53	49	51	52	59	54	48	50	57	63	50	45	45	41	61	52	50	41	50	49	63	54	55	41	45	53	43	50	40	41	59	55	58	58	46	68	51	36	46	57	56	55	52	57	56	48	56	48	53	43	51	55	50	46	56	62	58	38	56	46	41	44	47	67	63	55	49	54	72	52	54	50	53	47	75	68	51	53	63	42	49	64	56	51	46	52	46	60	61	49	53	58	59	64	53	43	65	52	58	54	44	37	40	46	47	51	50	45	62	60	44	38	53	60	49	52	54	56	52	48	48
cell132	103	90	101	105	88	85	102	96	106	99	84	98	106	118	77	74	86	80	108	107	99	90	97	111	103	92	106	92	110	91	82	112	107	96	99	80	103	89	94	91	94	106	94	105	92	105	100	99	105	108	92	107	94	116	83	87	107	114	108	107	93	109	108	107	110	93	108	97	101	104	93	107	111	101	93	106	92	106	80	115	96	112	104	91	95	113	112	98	108	104	94	117	91	84	94	96	88	88	91	96	97	89	110	92	101	107	110	126	108	100	106	113	96	91	106	92	118	82	105	93	82	111	111	100	90	102	78	100	102	113	90	86	109	83	116	78	106	97	102	107	98	76	95	111	105	127	97	94	102	93	101	87	92	107	98	86	106	113	97	92	106	100	110	111	100	111	87	94	98	105	83	108	77	87	91	86	104	91	90	95	104	105	100	94	96	112	98	104	112	94	105	80	107	98	109	105	100	121	86	98	86	89	119	116	90	111	96	101	91	106	117	123	116	93	117	92	91	91	84	116	99	77	120	100	93	95	107	87	102	95	104	119	88	87	95	104	101	100	90	91	102	115	96	76	55	69	58	70	82	64	68	64	53	68	64	72	60	53	70	83	64	77	64	54	65	72	56	66	73	71	48	72	59	72	61	74	72	71	71	62	68	67	69	45	62	72	65	61	68	63	67	67	70	73	78	76	81	68	77	61	87	69	75	51	67	65	74	58	63	54	62	59	52	58	73	69	60	71	52	62	66	89	73	65	64	72	56	72	71	74	57	69	70	70	77	64	67	69	66	55	71	74	73	63	72	64	56	62	60	62	49	59	83	70	62	64	67	73	66	75	71	49	54	68	89	66	70	62	66	52	71	66	60	78	59	72	65	62	59	56	58	63	70	58	62	93	74	58	83	65	59	72	51	74	75	70	58	71	59	55	63	60	77	66	60	77	58	76	70	71	69	54	64	66	67	72	66	44	62	73	81	65	74	65	67	71	67	78	62	61	59	53	60	74	67	59	57	61	68	67	70	68	71	64	83	79	78	68	68	65	57	69	62	68	53	58	73	65	70	59	65	67	70	83	71	90	61	78	64	60	77	84	63	77	52	64	65	68	76	62	58	70	58	62	67	101	63	72	71	64	62	68	71	67	67	54	58	60
cell133	89	112	79	96	79	94	106	107	92	94	96	114	102	97	91	81	100	113	76	80	92	97	102	83	111	82	77	94	87	112	89	90	101	100	103	96	74	91	88	95	93	83	97	91	91	92	84	82	90	85	100	78	99	87	74	87	95	106	101	106	98	100	89	96	84	73	93	106	84	77	99	105	106	94	83	82	96	104	91	123	77	101	72	81	104	91	98	80	90	103	102	99	104	100	77	80	98	100	89	84	96	93	104	87	84	74	106	85	101	82	93	102	96	70	102	82	93	95	71	83	75	96	96	99	100	97	84	92	105	93	95	97	83	73	81	92	99	106	98	106	98	87	98	85	115	103	98	101	92	78	84	82	81	80	94	82	95	87	99	101	100	76	102	93	86	104	77	86	76	117	77	102	97	84	86	86	97	110	80	104	100	89	94	88	95	94	88	111	99	96	91	102	74	92	100	84	110	94	87	97	107	95	101	81	98	88	94	94	102	102	112	93	89	81	88	91	94	87	107	87	97	91	85	91	96	104	97	96	85	74	90	87	81	89	100	90	84	80	108	87	110	95	90	79	70	51	53	65	64	68	56	64	58	59	73	59	55	66	61	60	62	75	58	64	57	63	56	58	61	62	54	71	77	72	75	64	68	48	70	69	61	53	55	69	58	56	53	55	58	60	72	84	54	58	68	67	62	75	67	60	66	68	50	54	65	66	69	51	58	66	53	72	48	69	83	55	60	66	65	55	78	67	61	53	47	64	75	59	60	68	61	57	50	63	70	78	60	52	73	54	74	69	53	59	65	55	65	69	57	58	50	72	56	56	63	54	53	61	48	68	53	67	57	64	69	52	66	52	57	56	60	68	67	64	61	67	63	67	60	69	73	51	51	69	67	62	59	55	70	58	57	62	54	58	62	55	56	58	66	42	49	53	55	55	58	57	47	47	64	71	70	58	76	55	50	64	74	67	74	66	67	45	65	61	68	58	59	70	53	49	63	57	61	59	52	53	68	52	63	72	61	63	64	51	62	83	65	71	61	64	64	71	60	64	66	66	54	65	68	64	55	53	74	48	67	57	63	61	55	66	53	65	50	62	68	68	62	57	53	59	70	62	50	56	65	61	62	52	71	58	75	69	61	72	77	62	40	47
cell134	55	37	47	51	45	42	51	41	37	49	41	37	60	51	43	43	56	50	45	63	56	43	39	51	45	49	54	50	61	35	43	42	58	54	39	48	54	44	62	50	52	51	50	41	58	58	48	71	76	73	73	63	71	71	65	67	59	57	79	82	70	78	73	71	58	69	58	87	76	75	81	64	70	71	74	52	49	39	45	53	55	26	27	22	0	0	0	22	22	29	41	54	43	38	50	47	49	60	37	38	63	58	47	53	43	33	55	61	40	48	52	53	61	41	48	45	44	36	45	57	42	41	41	41	50	60	52	55	47	42	38	45	54	33	42	39	60	49	41	45	34	59	43	57	50	45	48	54	46	45	60	38	43	46	44	49	46	57	59	51	57	48	58	62	53	58	55	51	60	59	39	44	50	52	46	43	34	49	50	61	51	44	47	39	51	44	53	56	61	41	45	62	49	53	51	39	56	45	44	40	52	45	34	52	35	44	53	49	49	61	55	52	45	40	44	41	48	49	50	44	47	54	42	36	40	53	55	54	48	49	52	45	48	45	43	42	42	51	43	39	44	56	48	33	58	51	48	45	44	53	52	54	57	52	59	38	44	49	37	51	43	54	48	47	39	46	52	55	44	46	38	50	47	40	46	45	48	51	42	43	47	48	54	61	47	50	49	56	63	40	52	53	52	47	39	53	42	45	47	48	49	48	45	59	44	45	57	48	46	51	59	40	60	53	50	47	57	34	48	49	41	62	36	31	42	44	42	55	55	44	45	57	43	41	61	40	51	45	59	45	50	46	49	48	40	43	50	45	62	42	48	50	41	48	48	55	42	57	54	38	54	53	60	36	40	45	54	48	46	47	51	57	44	46	58	61	44	51	53	54	53	58	42	48	42	55	49	51	47	42	53	42	45	43	40	45	50	49	40	55	49	39	48	35	38	59	44	47	43	43	46	57	43	53	50	46	47	44	48	58	60	40	43	37	44	42	69	57	37	49	43	45	53	42	49	49	50	46	52	39	68	46	52	49	45	59	51	52	34	58	42	58	50	45	31	55	42	47	46	55	56	42	52	58	39	52	42	44	38	52	50	60	50	43	44	56	49	36	41	47	53	37	38	47	33	58	55	38	45	61	43	33	54	42	37	51	40	46
cell135	89	75	85	87	71	70	85	70	60	89	79	96	82	80	73	84	84	81	81	74	73	84	82	80	83	84	86	70	94	63	92	76	104	85	64	83	101	75	82	70	75	70	77	74	61	66	79	114	98	120	105	124	90	118	111	110	116	122	116	158	124	121	128	117	121	113	111	118	114	129	149	103	121	109	98	77	79	83	69	89	69	49	45	47	36	42	39	39	43	39	71	96	67	75	72	64	54	80	79	88	95	64	72	61	65	67	66	75	68	82	88	74	75	65	80	90	77	66	80	71	70	62	67	95	81	88	92	83	83	83	80	81	60	75	82	75	89	93	75	87	61	66	88	86	77	91	70	84	72	80	91	70	63	84	68	77	85	81	75	63	93	68	72	81	77	74	77	76	87	80	81	71	71	83	77	80	67	102	75	95	89	70	72	58	84	96	86	89	74	73	88	79	68	69	93	82	92	82	71	75	78	70	77	69	77	94	86	100	91	65	82	88	89	88	67	79	65	56	76	77	71	78	79	71	79	77	102	89	88	76	91	80	75	84	68	93	73	75	93	88	73	83	80	80	67	86	93	81	114	78	67	89	69	85	80	94	76	77	89	77	76	81	79	87	81	69	73	75	66	69	80	89	92	88	70	74	85	77	76	83	73	86	83	76	82	78	87	64	76	71	66	95	80	79	86	73	69	76	74	78	62	90	69	84	79	85	90	79	84	87	76	67	71	75	85	76	75	69	78	83	81	87	96	55	72	64	78	95	71	95	71	75	75	90	84	68	74	82	76	72	72	76	84	75	93	78	80	64	71	93	86	77	77	90	91	77	71	87	77	74	66	78	87	78	72	68	91	74	86	86	93	69	75	73	85	91	68	80	78	71	75	65	87	89	74	94	88	75	83	83	78	70	71	88	69	78	94	87	52	83	101	75	102	78	88	75	73	94	66	78	82	75	75	67	86	76	87	81	88	91	72	67	76	71	64	63	74	88	75	93	82	60	78	77	99	61	67	65	84	64	71	79	73	68	77	84	93	92	98	70	65	80	70	77	100	86	81	85	83	89	97	84	92	79	73	83	82	83	78	95	77	71	75	78	70	80	76	88	77	95	64	76	83	79	86	84	96	74	84	79	75	80	66	65	65	65	72	66
cell136	180	175	188	183	171	196	193	184	172	177	177	183	174	184	195	170	158	164	191	200	161	174	164	185	193	175	175	174	196	163	178	180	201	184	168	170	174	172	191	174	185	171	166	195	153	182	190	188	175	201	182	166	171	190	173	198	147	199	192	206	192	194	188	203	177	196	169	171	169	157	208	156	185	184	160	193	178	186	162	179	158	186	169	212	161	175	176	190	190	197	184	196	170	160	176	177	185	169	175	187	161	168	177	159	168	140	211	191	190	175	182	164	191	158	187	168	187	166	161	192	161	185	174	164	187	220	173	220	171	183	198	184	196	176	180	177	199	173	159	205	171	176	184	174	170	183	182	223	178	173	175	156	193	170	155	143	193	170	187	208	136	181	207	176	176	198	179	176	159	193	166	168	180	187	188	184	183	188	170	188	195	147	163	148	177	172	178	203	187	173	177	201	168	164	170	181	218	159	159	185	186	161	187	186	195	187	194	201	197	203	184	193	187	183	186	178	169	156	196	156	192	169	150	161	173	176	162	179	161	185	230	216	181	171	157	167	153	169	198	169	171	165	224	176	127	119	127	110	120	115	126	117	111	129	137	127	136	127	118	119	124	122	125	121	149	122	117	133	102	121	115	116	124	112	135	122	115	131	127	128	130	114	106	111	116	96	122	121	117	125	126	137	108	122	126	130	114	123	128	107	100	132	122	111	106	90	126	99	109	123	103	93	124	111	128	147	120	132	120	125	122	113	122	115	104	105	122	117	126	123	126	122	108	120	120	126	124	133	117	102	116	122	155	113	122	143	119	107	117	122	125	101	126	126	113	114	107	130	123	122	101	88	115	122	140	118	120	118	109	116	105	121	113	108	105	136	144	108	121	117	106	133	132	124	113	128	116	129	115	118	117	121	119	133	118	111	101	109	109	127	120	107	112	89	123	114	108	139	145	118	138	134	137	120	121	131	132	125	130	130	114	121	117	124	122	98	117	111	109	100	120	106	131	122	117	111	109	107	142	122	124	114	116	111	123	112	122	127	97	127	99	116	88	126	123	120	105	105	115	134	123	109	138	122	109	126	115	124	112	114	126	126	116	136	94	132	81	119	108	125	109	106	110	106	131	134	119	117	131	121	124	130	111	126	107	105	97	104
cell137	159	130	139	139	138	144	141	123	157	137	132	140	143	146	136	99	119	113	150	133	128	127	131	130	154	137	119	145	138	134	116	127	137	136	118	134	145	144	147	140	141	132	119	128	126	125	134	125	174	151	129	118	99	128	109	137	165	98	132	136	157	138	157	133	139	120	119	124	121	141	138	135	156	107	129	110	141	135	134	134	129	118	129	130	115	151	158	129	131	155	120	133	134	141	116	105	125	155	129	129	117	125	133	121	129	116	132	157	147	134	130	150	139	119	134	94	147	123	129	126	124	148	118	126	131	136	109	165	134	116	130	107	147	101	129	148	146	122	131	122	137	138	128	139	134	142	129	175	122	135	145	145	125	126	143	135	118	131	150	136	147	106	127	143	132	132	139	131	127	145	136	109	134	120	135	119	112	136	126	121	139	116	130	129	116	169	105	127	141	138	109	112	146	113	137	146	137	137	119	136	119	135	136	129	153	144	148	146	144	123	135	121	160	120	138	137	151	110	131	145	124	140	111	124	131	159	134	155	129	134	142	142	156	118	137	140	139	131	133	131	159	144	142	134	77	102	78	94	93	94	103	74	84	104	127	83	99	100	82	104	85	83	95	90	91	98	60	113	76	103	84	89	87	102	101	82	91	87	101	77	77	83	87	68	85	79	91	71	99	74	89	78	94	104	80	93	82	86	89	90	88	84	100	91	95	77	102	76	83	81	66	71	89	92	85	115	67	98	85	102	94	96	92	76	85	81	91	96	87	89	78	96	80	87	96	98	85	111	78	78	94	78	109	88	85	92	82	90	77	98	85	74	90	106	83	97	87	89	89	93	91	97	79	81	95	78	76	86	97	84	91	91	81	92	72	96	85	85	96	68	78	112	92	81	65	110	116	68	92	96	89	90	77	97	70	73	95	90	68	83	88	68	87	96	79	79	81	106	102	94	92	99	81	89	99	85	87	64	94	94	88	78	74	96	98	98	108	84	99	83	94	96	80	86	86	81	98	91	93	89	93	82	102	92	82	105	105	94	80	91	89	90	99	74	98	74	87	79	104	108	106	83	97	98	89	114	80	107	89	78	84	85	83	99	98	97	74	84	90	94	81	87	87	99	85	87	86	97	85	101	101	95	75	85	85	72	82	79
cell138	158	137	158	152	155	144	154	147	168	151	136	149	156	130	160	116	132	135	177	164	161	161	151	139	153	178	168	176	167	145	156	152	161	151	170	135	147	150	204	178	170	159	159	153	142	131	160	156	163	153	142	140	155	146	165	164	146	154	150	162	146	155	167	147	152	131	182	144	151	154	169	123	153	154	134	169	147	151	131	152	160	134	146	178	144	173	160	151	175	154	137	171	137	154	135	141	132	142	157	124	159	141	161	157	143	127	155	153	132	170	144	145	150	138	167	148	160	137	129	153	130	160	143	140	135	154	165	159	165	152	156	178	167	151	156	142	177	186	159	154	168	138	156	130	148	131	153	157	154	142	162	146	149	138	164	142	158	132	162	143	167	150	176	143	168	178	160	143	169	159	166	130	127	191	146	142	154	172	159	173	157	146	139	149	153	152	142	149	133	149	150	154	184	157	161	148	164	169	149	140	157	158	178	178	151	166	147	155	168	156	151	142	142	137	169	139	156	125	149	170	165	159	152	146	133	131	169	163	144	131	184	144	170	159	146	164	161	141	176	170	161	158	189	146	92	118	90	110	116	95	92	91	104	98	123	104	122	90	89	93	91	103	123	97	118	114	114	113	106	108	96	96	103	99	109	100	95	103	138	100	90	112	112	94	99	90	99	95	84	104	99	103	107	107	98	116	95	100	94	91	97	97	83	114	91	112	98	94	95	96	91	93	83	108	110	105	103	108	101	107	110	97	97	94	116	117	102	103	122	98	78	92	110	99	113	83	89	104	96	92	110	84	120	107	94	92	86	115	106	110	108	93	111	105	98	91	89	102	92	112	101	92	82	89	92	88	105	102	105	81	106	92	96	89	104	125	80	109	100	103	97	96	85	110	102	121	101	116	102	93	105	102	106	92	91	98	99	99	96	103	116	86	99	97	83	75	87	96	94	106	111	103	92	98	96	101	112	89	103	102	108	117	80	111	110	86	102	102	95	101	95	102	94	88	98	91	97	87	93	90	104	96	115	96	117	99	94	86	112	115	95	116	100	91	99	94	103	90	110	106	95	96	114	95	98	105	110	111	98	86	105	109	96	110	93	107	92	92	102	122	93	91	100	98	89	101	90	94	114	120	124	105	117	81	90	93	85	95
cell139	207	190	190	180	194	196	210	192	185	188	188	190	221	186	209	180	177	187	209	202	167	199	172	172	193	194	196	183	207	226	214	189	197	194	195	184	191	208	228	199	204	168	162	195	178	194	225	210	171	211	177	178	196	232	188	226	189	208	195	208	226	209	231	223	220	224	212	224	193	201	224	201	200	212	197	174	183	189	212	226	195	189	185	182	181	218	240	206	224	200	194	239	199	178	200	198	174	177	195	196	203	183	199	188	178	176	192	203	173	181	204	227	190	193	226	185	214	169	194	159	173	182	187	183	215	199	214	209	191	208	173	205	199	178	216	215	237	187	193	191	201	197	202	177	190	200	193	206	204	209	204	196	193	193	221	197	203	195	174	207	216	182	194	188	200	218	204	219	196	230	188	207	180	208	194	215	192	219	187	231	219	176	202	198	182	192	204	189	202	149	201	203	205	191	189	203	254	183	174	202	198	189	207	192	194	210	197	195	202	202	194	217	221	190	218	199	224	174	188	200	203	190	189	197	196	176	216	202	199	178	213	204	199	214	191	167	189	186	194	194	210	204	209	178	133	149	121	151	138	142	122	118	134	133	138	142	145	117	139	148	134	142	156	103	133	129	121	143	135	134	138	129	114	129	146	132	124	148	152	135	124	121	140	133	108	136	114	110	157	124	105	120	124	131	124	125	110	150	136	113	139	144	111	147	139	115	127	126	121	114	138	116	122	131	149	145	112	107	141	120	128	134	140	118	111	126	142	150	118	136	144	120	142	133	134	120	118	134	143	124	139	119	137	115	132	126	132	128	135	127	120	128	121	122	121	125	111	122	136	133	123	126	130	134	139	119	138	122	148	139	134	135	133	120	132	149	108	111	134	133	113	170	123	151	140	144	123	136	151	127	133	126	140	131	124	154	143	136	109	122	128	124	127	136	124	139	113	138	125	152	158	115	134	138	115	135	151	142	137	133	142	133	141	120	132	140	150	133	145	128	120	140	133	128	116	112	129	126	123	130	137	130	120	123	131	158	130	152	132	140	126	134	134	137	136	136	139	138	139	143	139	120	141	130	131	141	124	167	118	119	142	136	120	105	135	141	125	110	150	147	114	134	131	113	128	156	156	124	119	153	132	139	140	120	118	101	117	124
cell140	217	176	224	191	196	187	206	215	199	214	204	201	230	195	209	210	241	209	218	212	215	239	216	211	214	224	185	248	216	225	239	218	246	192	213	190	218	244	255	198	210	209	205	201	197	219	225	203	219	226	210	216	201	243	230	253	215	264	221	262	232	197	247	232	220	216	212	224	206	213	207	200	208	223	224	207	211	195	200	217	198	210	187	230	193	204	235	230	207	227	200	198	186	184	219	196	193	210	203	202	203	183	216	210	223	175	209	216	199	218	218	214	207	177	197	216	236	198	186	204	169	206	208	218	218	197	188	211	200	211	205	200	219	178	221	228	243	207	197	198	226	233	212	216	207	217	235	234	209	203	206	209	185	201	222	236	226	213	213	226	240	202	227	203	228	221	206	209	202	231	209	188	185	211	221	223	226	216	227	213	217	200	212	191	226	222	195	201	217	190	193	188	210	234	214	201	218	214	197	211	218	215	230	210	213	257	228	234	213	216	215	232	244	200	197	231	229	205	246	211	187	209	203	210	216	201	201	240	208	199	227	218	245	230	198	206	182	205	211	224	226	223	210	225	138	159	148	148	138	185	149	149	152	143	170	156	113	159	131	130	151	154	159	125	147	157	138	142	150	150	136	137	152	145	141	147	158	135	143	121	125	132	153	136	143	148	152	150	125	151	144	151	125	154	170	136	137	164	149	118	142	146	116	139	153	145	161	124	142	129	142	116	134	134	156	142	124	158	135	136	125	145	142	130	149	139	141	137	139	150	144	152	135	138	144	152	154	132	159	130	145	121	163	154	158	159	151	128	133	143	152	130	142	157	135	132	135	158	140	133	127	146	129	123	135	120	145	137	167	125	160	152	162	126	165	149	169	144	162	126	128	166	136	150	125	159	139	140	165	125	157	159	132	131	135	131	132	132	122	150	156	130	142	139	145	129	144	138	141	142	147	131	134	111	125	177	147	126	164	150	122	114	130	149	129	151	130	150	122	127	149	143	149	138	157	133	134	131	138	155	135	153	156	140	149	156	144	132	133	136	132	152	164	161	130	134	137	141	151	148	150	114	124	152	126	162	142	158	152	124	170	176	145	136	153	149	129	142	152	173	141	143	128	157	131	144	157	132	124	149	156	138	152	154	120	112	113	135
cell141	149	112	147	150	140	148	165	142	150	147	131	147	150	147	139	123	125	111	140	126	131	150	179	181	149	132	145	165	148	152	126	146	169	146	147	144	158	137	159	128	151	123	162	116	137	136	141	161	121	137	129	114	139	158	121	156	141	138	143	154	146	159	155	162	154	124	148	129	122	134	149	141	166	140	112	130	149	149	129	147	139	151	129	130	132	142	166	157	164	167	150	157	147	139	133	124	132	127	114	132	146	118	121	140	126	136	141	168	150	140	160	144	156	133	151	153	168	145	125	115	138	139	150	149	165	147	142	159	142	140	144	128	129	118	141	143	154	151	148	153	128	149	147	137	131	132	118	150	137	132	158	122	130	146	153	119	159	129	149	137	160	123	161	136	146	143	165	151	121	155	130	158	127	131	143	159	147	131	139	159	147	121	127	134	145	143	140	131	156	140	130	132	139	177	148	142	141	147	122	133	142	130	156	171	141	123	141	141	145	138	167	160	147	128	142	156	158	131	131	157	131	149	125	129	126	136	142	126	128	158	159	137	151	140	131	139	138	140	141	158	154	159	166	157	95	99	81	108	103	102	85	95	94	99	100	99	88	98	84	89	80	108	94	79	90	97	92	95	78	119	83	91	85	95	107	102	103	93	99	91	100	83	102	84	109	93	93	90	111	91	90	103	98	100	81	106	96	107	98	92	92	91	118	95	95	100	106	79	77	102	102	93	100	94	112	115	84	96	94	106	93	98	89	78	99	86	94	103	93	88	96	88	95	105	99	92	75	94	97	86	107	100	110	114	95	86	101	92	104	100	81	79	87	106	94	99	105	95	93	73	102	98	102	76	106	69	110	95	93	91	85	109	101	99	97	89	100	94	85	96	97	122	90	104	100	109	101	93	83	88	82	95	85	82	93	94	110	83	86	83	85	84	93	87	82	91	103	80	93	104	97	93	86	92	91	112	86	99	78	101	101	89	82	99	107	81	95	80	98	96	88	100	105	82	84	92	88	81	109	102	109	118	100	87	88	96	92	103	86	112	95	90	96	99	77	102	117	87	100	103	94	90	89	97	92	109	93	102	112	75	99	94	97	90	90	89	70	104	86	113	85	111	97	96	102	96	121	85	103	92	115	91	81	88	82	78	104	82
cell142	224	204	228	209	215	212	228	219	226	203	233	234	236	207	204	209	211	193	222	215	234	231	216	226	187	199	225	218	227	226	236	222	232	226	215	216	221	208	209	242	212	191	205	233	217	190	221	185	207	203	187	227	205	230	185	210	210	223	213	240	234	206	224	216	231	216	225	227	213	215	232	211	245	195	194	235	196	197	198	249	217	212	215	221	192	205	235	225	215	193	228	223	237	207	235	227	200	197	211	199	218	178	228	206	199	183	208	217	220	208	235	225	194	189	192	203	219	207	193	221	195	245	209	194	251	225	218	241	217	239	213	252	235	235	215	205	227	219	219	224	230	199	246	196	229	212	214	282	193	219	209	179	200	200	201	195	196	218	212	219	259	210	220	213	208	230	211	205	218	216	210	184	187	231	200	202	202	198	211	230	246	209	219	195	245	197	199	213	223	209	215	231	212	194	226	202	253	207	195	212	220	199	217	244	206	208	194	215	241	209	214	244	206	215	234	216	225	180	221	247	205	225	183	195	190	202	225	215	198	224	248	211	235	212	192	202	184	192	212	201	233	218	199	212	142	154	140	163	157	162	143	162	133	149	152	143	149	145	148	140	151	157	148	132	160	150	134	144	135	150	135	119	148	124	142	149	138	169	171	134	154	130	143	126	145	152	142	143	135	141	129	138	162	162	151	147	161	170	140	137	126	158	137	144	144	159	156	138	144	155	132	124	167	128	149	150	139	135	142	171	146	146	140	136	141	144	150	161	127	146	132	166	151	185	154	143	141	150	152	132	153	137	188	163	112	132	146	155	143	143	132	129	132	149	127	146	143	137	144	131	123	151	155	131	135	150	143	143	150	131	142	140	138	150	131	165	153	136	143	142	126	170	144	136	150	165	143	165	135	137	144	136	135	133	128	134	141	174	131	138	145	132	155	125	131	128	146	134	139	152	139	138	127	138	129	145	143	133	139	143	158	152	115	144	142	135	150	166	130	135	139	125	125	145	159	131	137	142	149	138	143	139	133	147	145	160	155	136	151	149	124	159	146	165	156	131	154	134	140	156	161	137	162	156	157	143	139	153	138	166	147	147	137	110	171	134	117	120	121	153	148	131	153	120	149	122	133	129	167	129	135	155	162	125	130	132	124	119
cell143	105	75	103	87	108	102	105	84	90	98	90	97	106	97	117	84	97	94	111	63	93	89	79	92	119	81	97	112	124	107	103	93	96	91	99	107	104	91	101	97	102	93	96	107	92	85	82	130	123	127	152	149	141	151	141	143	138	163	141	147	170	146	164	157	146	139	155	146	134	128	146	127	157	143	145	82	112	97	91	87	102	52	48	46	51	59	55	45	54	44	99	111	95	103	99	101	72	89	110	90	107	100	91	84	92	80	105	94	96	88	112	89	112	86	98	82	107	96	98	98	94	100	97	103	99	91	95	98	84	95	107	101	123	105	109	99	111	88	89	91	110	88	101	98	93	82	94	120	81	90	123	120	97	110	93	92	94	102	98	90	100	97	94	116	102	92	107	92	102	108	105	81	85	105	123	110	97	100	92	89	96	95	84	73	90	100	99	92	94	82	91	114	98	88	115	97	89	98	113	103	101	85	112	99	94	129	99	98	92	105	103	96	110	76	100	87	107	78	113	117	86	82	94	95	97	81	96	101	105	82	120	102	98	86	96	112	88	120	92	70	112	105	109	90	102	96	91	97	104	102	113	107	103	97	112	103	82	76	99	79	120	93	115	82	108	95	77	102	94	85	90	102	93	105	108	89	101	83	95	111	103	96	105	113	100	96	93	75	96	109	109	109	114	73	100	101	103	109	102	96	89	99	122	113	101	92	119	99	101	103	99	96	97	104	111	96	96	124	94	86	94	98	108	86	78	106	110	103	81	92	90	108	101	94	86	96	98	115	83	85	94	94	95	101	85	99	119	97	106	97	102	85	83	114	85	99	86	97	85	97	110	100	92	83	104	103	97	103	93	93	108	97	111	106	100	108	110	121	97	88	94	101	76	98	112	94	96	102	93	95	127	106	88	100	97	112	108	114	96	77	106	88	88	104	114	81	90	99	95	122	111	96	88	102	101	102	89	94	96	105	97	87	102	87	91	98	99	99	97	94	89	104	89	105	98	90	102	101	120	89	104	96	98	90	133	95	89	111	108	95	87	124	98	93	97	117	103	96	99	89	107	107	102	103	123	101	90	101	85	95	106	121	95	84	95	93	75	101	102	107	87	94	114	103	77	99	110	89	85	107	87	115	84	108	77	78	81	87
cell144	113	112	125	109	99	100	143	101	115	97	94	121	118	144	100	103	115	111	106	138	140	116	122	108	123	131	114	137	114	111	125	106	119	119	96	128	113	119	131	111	112	120	111	116	120	112	121	120	99	132	116	108	137	101	113	104	118	129	111	114	100	134	119	125	110	143	112	107	91	123	113	112	123	124	113	113	93	97	110	125	107	128	101	107	117	112	111	111	115	112	117	127	105	98	116	112	105	119	86	100	111	131	126	93	110	118	108	123	102	118	109	100	120	106	118	111	110	121	136	94	97	115	117	103	120	114	120	110	106	113	118	116	125	101	114	103	130	95	120	122	127	118	117	140	116	125	108	144	107	122	114	124	111	113	114	84	103	104	105	123	108	112	108	120	108	110	127	122	94	126	110	103	123	109	110	112	122	115	116	123	118	105	112	107	118	113	112	113	128	99	116	97	95	105	121	130	121	105	110	102	111	104	126	121	89	132	126	127	129	118	113	122	126	109	106	117	115	108	113	133	102	106	104	110	108	103	124	108	118	117	126	110	123	121	115	130	95	121	110	123	141	116	124	108	70	60	75	89	78	76	93	66	64	74	77	80	74	91	77	65	65	88	79	73	82	82	80	72	72	81	71	65	71	73	85	72	74	72	78	85	82	81	69	84	88	75	81	71	70	70	69	73	68	69	76	81	87	88	88	73	70	86	71	93	57	79	78	79	76	77	84	70	68	78	80	81	56	79	60	75	75	81	84	73	55	74	86	73	84	66	73	72	82	78	75	71	67	88	84	51	93	66	79	74	86	65	65	83	63	82	73	67	81	81	66	78	85	71	66	82	85	74	71	70	89	64	71	72	67	77	71	63	59	63	75	77	75	82	70	65	88	75	71	75	81	74	83	88	84	75	71	85	72	67	62	65	65	71	76	81	82	76	70	79	82	80	74	82	82	80	78	70	60	56	65	86	72	66	89	72	62	57	80	70	93	82	74	77	58	76	86	82	85	83	61	60	91	72	76	76	93	90	77	60	76	71	75	72	83	74	64	83	81	79	76	87	79	76	67	88	57	66	76	68	74	82	89	92	81	77	78	80	89	63	67	70	72	94	75	83	84	66	87	81	87	82	90	85	65	69	85	75	75	55	77	57	57	65
cell145	58	102	95	78	72	93	78	79	81	72	82	89	84	74	83	88	68	83	78	89	86	101	79	90	87	72	81	77	61	88	93	61	96	85	75	85	81	79	88	83	70	74	86	66	89	75	76	84	81	72	82	60	89	81	88	89	89	112	66	70	63	84	95	77	69	91	67	68	61	89	96	83	73	74	72	88	87	84	68	104	91	80	87	97	77	98	87	66	85	89	84	79	90	67	85	82	74	91	76	71	76	82	101	63	75	81	67	93	61	80	88	83	75	75	89	70	94	69	67	69	81	77	74	90	83	79	90	84	80	62	85	82	71	66	92	74	88	79	77	79	76	90	97	74	88	89	82	100	85	92	90	73	81	75	79	83	79	88	82	85	90	77	74	79	68	82	75	89	86	77	81	74	69	99	87	96	70	72	61	93	85	73	93	89	78	78	90	82	88	73	82	76	69	84	93	66	83	83	69	81	85	78	80	103	81	88	79	82	83	66	106	93	83	73	81	75	76	84	77	86	85	80	76	82	83	76	80	96	92	79	71	81	96	89	68	74	69	74	79	85	81	93	90	82	81	114	67	73	90	79	84	72	86	79	96	72	80	75	68	94	85	83	91	85	74	78	67	102	78	83	81	79	94	91	107	98	65	88	99	88	82	67	79	74	89	86	82	87	79	87	74	71	88	94	69	77	73	111	75	72	66	92	82	98	75	82	100	69	75	63	71	72	77	64	90	89	70	103	78	83	79	87	71	79	78	80	89	81	84	61	79	73	68	83	85	96	74	73	73	71	85	87	84	85	76	92	79	65	85	82	85	70	78	91	82	77	77	86	61	75	81	84	70	69	88	75	87	74	73	84	83	109	93	81	88	88	83	94	85	73	83	69	84	79	67	76	78	70	71	83	102	80	77	83	72	75	69	88	73	89	81	70	75	85	62	65	66	74	83	90	80	83	80	76	63	91	70	71	80	96	78	77	76	68	90	69	86	96	71	69	52	86	83	79	88	70	67	69	75	84	85	73	80	84	78	83	85	79	83	95	62	82	61	84	86	73	79	75	80	77	70	88	97	80	89	83	79	95	88	79	103	84	77	79	86	75	76	80	73	87	74	80	88	66	109	83	84	59	81	78	98	73	95	66	76	80	79	73
cell146	93	94	110	95	88	87	98	87	104	101	87	100	87	95	81	100	98	91	105	105	92	94	89	85	80	105	72	99	112	95	111	101	101	85	82	89	97	106	101	102	83	89	93	107	79	81	86	98	86	90	88	98	89	103	86	99	81	104	76	81	79	97	99	97	102	94	107	95	96	101	81	89	98	78	83	120	104	101	88	81	95	108	82	82	90	96	86	99	105	92	96	88	76	96	100	104	85	89	91	82	102	99	85	79	88	92	90	94	105	102	116	96	68	100	95	96	87	91	87	92	66	83	85	106	129	110	93	111	93	98	93	93	108	82	102	90	100	94	88	102	99	89	110	94	91	93	78	127	80	91	98	76	74	94	95	88	95	105	93	106	102	89	103	104	81	113	76	89	88	86	87	79	71	108	91	109	98	97	106	111	85	73	96	100	95	80	102	92	97	77	107	116	107	92	101	95	107	86	90	81	96	81	116	101	91	108	92	71	94	91	90	113	109	93	65	93	89	83	112	91	91	81	87	86	83	95	103	99	97	86	106	95	101	95	98	87	76	99	99	71	90	112	111	98	58	64	50	78	78	72	63	53	56	76	73	56	59	63	66	67	60	58	78	55	66	65	62	61	73	61	46	69	60	49	60	64	56	68	71	61	74	61	68	59	64	44	48	50	66	56	51	57	72	51	62	58	51	75	56	59	66	71	60	64	63	74	79	64	66	63	59	58	64	68	67	75	72	62	60	55	49	66	53	63	54	64	68	63	48	62	57	82	60	61	56	55	57	50	63	65	68	51	68	60	66	56	54	58	65	65	75	60	57	65	59	65	58	64	56	70	58	62	59	58	70	58	59	52	50	56	68	66	71	63	79	67	64	73	58	64	58	62	59	61	56	57	76	56	59	58	72	77	54	54	55	64	50	58	58	74	45	72	62	59	45	55	65	64	68	52	48	54	50	79	72	72	64	53	68	68	64	48	63	66	49	55	59	52	47	77	70	61	60	56	67	61	77	61	53	50	64	64	62	65	74	60	42	71	70	58	56	66	60	69	58	61	82	69	68	74	58	66	80	52	67	59	69	62	73	59	66	69	41	51	75	57	50	57	47	74	55	68	62	60	63	63	54	65	60	44	61	65	50	69	80	60	62	80
cell147	104	112	103	116	103	121	102	111	95	117	130	95	123	92	104	110	96	100	130	129	95	124	112	133	131	115	102	105	111	97	124	108	108	97	120	109	116	121	114	109	122	101	102	118	108	117	117	113	110	119	96	101	91	121	117	122	113	114	114	140	97	105	94	112	113	111	96	115	104	101	126	109	113	103	102	111	122	110	100	134	110	115	101	138	94	121	113	118	116	100	132	119	107	119	87	92	104	107	112	87	100	106	132	91	106	97	112	110	103	121	116	135	108	100	130	102	110	91	86	102	101	114	105	127	133	118	99	102	107	98	105	113	110	120	115	129	108	122	109	128	116	127	121	100	111	114	110	121	130	115	112	122	112	122	114	109	106	104	123	108	85	107	119	121	103	123	100	106	127	94	107	111	104	117	113	107	124	122	105	130	119	128	97	111	119	134	110	96	126	96	89	130	103	115	115	106	130	96	103	116	92	90	126	107	97	119	97	124	112	115	119	122	119	111	98	96	120	88	104	113	114	122	90	121	98	101	120	126	100	102	118	118	128	99	90	126	95	106	122	127	113	124	128	114	72	86	75	73	76	68	66	73	71	76	62	86	80	63	71	73	69	76	71	82	68	82	71	53	55	77	72	67	63	64	92	62	66	87	87	77	69	70	82	60	79	93	74	77	70	61	83	82	77	76	72	68	75	71	79	65	73	71	62	83	82	81	86	78	77	78	70	69	73	64	75	86	63	86	72	74	86	71	71	60	90	78	79	82	74	71	65	85	77	82	80	78	75	89	73	68	77	80	84	78	77	92	83	76	72	75	66	56	66	80	101	69	61	65	90	71	77	78	82	67	69	76	73	65	87	68	72	66	78	75	71	81	67	66	67	65	73	72	66	82	75	76	79	73	74	74	75	86	62	82	59	65	68	79	62	66	86	72	62	79	78	61	80	67	61	79	100	87	87	79	60	71	63	69	71	88	80	88	73	79	72	66	78	96	79	74	82	76	67	66	78	61	78	69	78	73	65	73	85	82	60	88	67	79	57	71	54	82	78	69	79	73	90	67	63	88	75	72	83	81	61	88	78	85	73	84	73	89	68	61	68	80	71	68	62	76	64	63	68	69	76	86	81	64	73	79	71	65	67	85	73	88	59	68
cell148	132	136	121	137	122	126	124	107	146	119	117	139	128	133	146	117	125	131	139	153	106	139	151	129	107	135	129	132	145	125	127	126	171	131	125	146	144	117	149	128	108	127	109	128	109	135	115	106	124	112	103	116	132	135	143	151	179	145	124	143	148	169	128	142	149	153	129	123	133	117	116	114	143	139	121	117	143	117	125	126	136	156	125	127	131	116	128	124	143	127	133	145	135	86	145	145	113	116	126	119	153	140	159	112	118	111	127	157	123	143	120	125	121	120	144	112	126	142	135	135	123	118	131	127	146	134	132	138	123	140	126	128	126	117	151	132	139	132	127	139	120	136	151	121	108	131	127	134	122	117	144	131	129	115	121	129	116	132	141	141	137	127	136	121	141	151	120	136	130	146	127	120	146	123	136	129	105	141	137	153	124	120	124	133	128	147	131	140	129	121	117	136	115	133	135	141	140	124	132	125	131	125	144	148	107	125	139	122	140	129	119	131	134	110	139	135	121	126	148	148	114	117	116	142	118	120	133	109	141	126	123	133	144	130	146	134	128	135	139	108	136	140	141	115	99	91	85	84	96	84	99	69	84	82	107	97	99	70	75	80	80	89	91	82	83	82	86	87	88	100	105	87	90	84	79	89	86	89	73	104	73	87	95	74	65	62	91	83	88	91	75	87	77	82	93	95	88	78	82	76	88	70	64	88	97	76	76	106	85	90	103	77	90	77	105	85	75	106	83	72	102	90	91	86	77	108	97	110	84	81	93	95	75	81	108	86	73	81	93	87	76	80	101	101	85	96	84	71	80	99	89	77	104	86	71	92	77	95	82	83	76	82	90	76	83	85	84	89	95	90	97	81	86	81	88	90	77	92	83	86	81	87	73	106	89	86	86	76	91	82	83	91	89	84	73	85	92	112	81	79	93	77	76	72	87	75	87	94	81	118	102	83	89	84	84	99	86	94	92	95	75	70	85	71	97	93	85	92	89	88	91	90	92	82	85	87	82	83	85	85	84	90	78	86	96	119	93	90	76	78	77	80	92	76	81	70	97	84	78	108	114	70	85	65	79	99	105	108	102	84	104	68	77	86	78	99	71	85	75	96	66	95	74	66	98	92	90	86	84	82	98	98	114	89	78	74	78	83
cell149	114	117	116	108	125	106	115	120	115	115	131	146	139	124	129	100	115	109	138	110	110	116	122	111	120	112	143	124	135	137	126	124	138	147	120	108	117	119	148	104	147	121	142	114	120	109	113	188	166	193	163	184	171	169	177	188	142	188	171	201	203	213	209	212	180	193	215	186	182	195	202	158	188	201	171	122	112	116	102	137	108	73	55	53	55	70	58	44	68	67	137	120	116	112	128	116	127	119	112	135	125	113	134	98	121	120	120	124	117	131	118	118	119	96	126	115	131	126	112	133	113	123	105	115	110	130	109	133	124	113	121	125	143	113	117	128	134	114	114	111	124	134	119	112	132	122	121	132	131	101	147	121	148	114	119	109	117	95	125	121	129	100	97	114	123	120	112	117	126	123	141	109	99	113	116	100	110	125	111	118	115	98	127	132	114	128	109	108	134	116	109	135	117	123	133	118	127	123	113	113	121	119	140	128	150	120	135	130	130	110	121	139	100	121	131	125	141	116	131	118	123	115	106	107	112	120	146	147	124	113	153	151	127	120	97	115	121	107	130	126	138	137	131	114	131	122	103	141	114	123	125	125	139	139	111	125	117	117	124	121	120	137	137	109	124	140	105	110	119	110	108	124	119	118	140	117	134	128	123	117	99	113	130	112	115	135	115	119	123	133	109	127	110	117	114	138	141	133	130	118	117	108	118	132	125	147	139	112	107	117	114	103	140	102	136	115	126	102	117	122	139	117	110	119	128	134	127	127	116	104	116	119	95	126	141	92	98	129	144	117	121	106	116	114	119	131	107	111	118	117	120	118	110	129	114	114	115	110	125	116	127	128	108	123	117	116	123	112	121	124	139	123	129	112	142	143	134	126	110	106	114	140	124	127	138	110	142	128	130	125	118	123	124	136	122	115	115	125	109	122	131	103	128	119	96	124	123	129	129	133	137	107	125	126	120	132	109	111	119	127	112	111	102	116	132	124	130	116	108	110	121	123	116	117	124	121	110	117	110	125	132	123	139	122	123	144	130	110	127	121	91	137	122	127	102	119	122	114	135	143	125	131	138	116	110	125	131	134	121	135	132	114	115	126	113	108	106	104	133	113	116	115	126	114	121	140	111	118	128	112	130	110	134	121	120	129	116	112
cell150	267	219	220	243	260	270	281	247	246	211	246	219	241	209	258	222	240	269	261	214	232	243	237	226	229	277	230	233	248	240	219	226	251	245	235	234	259	247	305	238	221	249	233	241	249	225	260	259	220	235	223	202	233	226	221	251	233	254	243	248	226	246	248	247	251	250	246	234	233	227	242	246	243	219	204	273	244	248	205	277	224	250	258	239	239	218	270	219	270	248	244	269	246	229	242	205	233	230	225	231	236	236	270	230	251	198	227	262	261	260	257	272	258	249	260	194	245	224	247	237	190	220	231	233	244	248	216	259	227	256	244	243	234	210	237	250	273	212	220	240	236	224	228	237	213	243	242	254	227	237	273	230	223	239	227	200	261	214	205	247	261	212	244	232	256	269	243	240	252	252	233	221	234	222	236	227	205	235	240	265	266	233	230	215	243	269	247	268	234	227	260	248	229	255	251	213	252	237	215	213	220	205	253	257	234	254	245	233	262	224	234	264	223	205	220	200	228	207	247	235	235	248	242	243	250	228	258	229	231	228	261	239	236	244	238	235	206	240	271	238	269	256	239	228	144	179	152	163	169	145	147	164	157	163	165	145	167	170	151	151	157	163	161	152	177	193	145	169	155	156	150	147	174	166	161	158	166	177	173	153	157	161	179	152	143	166	151	166	152	153	143	172	158	153	162	146	167	154	148	117	155	148	169	178	148	153	169	137	158	165	163	157	172	164	153	150	149	148	154	146	164	185	168	141	173	156	168	149	130	151	159	153	138	153	151	167	159	152	141	128	168	140	180	153	151	141	151	151	159	184	169	161	159	152	169	158	136	143	187	144	144	150	176	147	151	137	176	158	148	134	161	179	160	176	167	167	185	149	154	141	165	178	148	182	153	199	181	177	147	150	163	162	142	132	150	142	167	168	153	151	153	138	136	137	147	163	150	169	172	197	176	162	150	175	154	184	145	159	176	157	140	153	141	160	183	172	174	146	148	158	149	161	146	158	147	141	164	153	163	162	191	180	192	154	156	185	169	161	167	167	122	166	151	177	180	160	157	150	171	170	176	141	167	160	168	168	161	164	151	145	195	179	154	153	172	150	157	151	157	176	159	163	160	156	164	165	167	176	157	179	159	160	163	156	155	153	165	162
cell151	98	86	93	95	76	85	77	100	95	98	90	101	105	112	102	85	86	100	102	88	73	112	91	91	104	94	115	110	91	102	91	92	108	81	92	86	102	89	99	103	101	87	103	97	96	87	65	104	77	97	81	106	81	84	101	109	87	96	99	97	105	94	100	111	102	80	84	100	93	92	105	97	99	87	89	99	91	98	77	104	84	102	95	90	101	86	121	102	90	87	125	115	113	88	89	92	83	96	102	79	99	95	108	90	84	105	108	93	114	88	98	110	97	80	102	87	119	76	88	102	76	92	96	72	106	115	81	119	88	99	91	107	97	92	105	109	130	95	93	111	107	114	76	85	88	89	87	93	88	82	92	101	98	98	74	96	109	107	99	100	104	91	107	95	86	97	85	129	99	103	103	101	91	101	106	99	88	110	97	102	80	79	82	104	111	82	86	97	98	92	105	89	92	91	97	105	96	106	109	92	99	102	113	98	89	90	107	98	87	95	101	108	115	82	104	90	106	88	98	88	88	93	99	96	92	84	109	104	108	88	99	96	109	107	101	112	87	93	101	86	101	101	100	87	69	63	44	81	70	66	56	66	78	62	86	68	69	64	74	57	57	70	64	55	84	70	37	53	61	77	60	61	50	81	72	62	64	68	70	77	54	75	70	66	60	66	74	69	59	72	68	61	68	51	73	58	64	45	70	61	63	62	69	76	67	64	75	63	48	41	60	59	58	71	66	70	60	75	58	60	52	53	59	62	59	63	61	64	67	66	59	73	65	59	65	65	49	65	61	64	86	71	75	67	51	53	66	62	69	70	53	62	56	73	72	57	60	66	66	67	61	62	59	62	75	62	80	63	68	59	84	78	64	66	74	56	56	68	70	57	77	56	64	79	51	69	77	53	58	77	66	66	56	69	79	43	53	67	56	51	74	47	65	73	82	57	68	69	58	67	72	61	55	67	58	66	51	71	63	68	64	51	66	65	67	65	65	53	59	57	67	61	58	67	56	70	64	53	51	57	64	69	61	64	56	81	66	70	66	73	64	56	46	60	51	69	69	46	56	56	66	48	64	53	62	73	45	82	51	74	65	64	63	62	75	54	46	57	62	70	56	64	60	53	78	51	71	70	61	61	67	65	77	60	47	63	40	61
cell152	172	149	152	168	147	141	167	142	172	132	165	157	170	157	160	161	169	172	166	170	164	166	169	154	168	146	154	165	168	161	175	145	165	140	156	182	166	148	177	189	169	168	155	149	158	178	160	173	175	173	167	138	161	165	140	186	165	185	148	187	166	175	155	162	173	126	161	176	173	161	174	151	183	170	163	162	149	184	147	157	158	171	150	177	152	140	198	158	154	161	163	161	169	142	161	154	149	153	157	164	195	147	175	144	160	157	130	173	160	163	176	170	165	145	186	165	166	135	154	165	138	153	172	148	161	174	145	181	154	161	175	181	180	173	144	163	174	163	158	136	174	133	177	129	155	162	177	208	164	192	172	151	163	158	155	161	147	164	174	199	168	154	174	198	144	177	128	148	171	170	144	145	109	160	172	158	127	142	155	179	175	144	155	161	170	149	172	152	135	163	141	141	139	155	179	164	178	154	152	165	143	160	172	168	175	163	174	159	167	193	183	177	155	167	163	177	155	159	141	148	183	148	141	157	141	164	168	153	193	161	191	147	181	179	160	172	151	152	143	173	194	184	183	162	126	98	91	123	126	128	118	112	116	109	119	114	102	108	106	124	99	102	117	108	115	105	106	106	120	119	102	119	97	105	112	95	114	113	112	128	124	88	122	95	90	111	112	120	102	113	98	117	118	95	120	108	104	102	105	112	103	92	102	107	97	105	114	98	111	99	108	116	107	104	111	104	103	121	104	116	105	99	97	95	119	123	114	123	105	102	126	124	127	93	115	101	98	119	91	99	116	117	113	100	101	99	137	110	106	104	113	101	119	116	98	101	99	96	95	106	95	108	88	87	106	128	96	131	97	110	118	118	124	91	105	123	119	110	87	108	87	105	104	139	114	131	104	101	91	98	95	102	87	115	101	110	92	114	104	111	120	87	98	104	105	115	86	118	132	115	94	108	105	91	98	111	97	101	121	131	104	98	106	95	96	72	120	99	107	106	106	93	107	108	124	99	113	104	106	106	115	99	111	104	105	131	115	91	113	123	86	118	97	116	93	118	76	111	127	103	108	107	119	106	103	103	100	116	136	99	114	121	112	112	109	111	101	90	106	133	92	108	92	91	93	117	107	120	110	120	101	114	104	95	111	122	97	96
cell153	123	105	99	101	87	105	106	111	108	100	103	100	128	112	109	93	96	102	113	109	116	99	100	96	108	99	118	123	102	129	113	108	116	124	109	94	106	120	121	96	104	93	103	108	91	118	105	105	95	100	98	100	110	108	107	129	110	131	134	120	101	84	97	115	104	108	108	89	104	104	110	106	127	93	114	103	98	101	97	100	116	114	109	108	98	95	98	88	91	102	113	110	106	101	133	112	100	86	88	102	99	89	103	98	109	92	98	110	95	110	100	97	111	99	106	113	117	103	89	88	99	124	109	106	105	121	100	101	101	95	110	113	118	99	90	100	152	122	111	105	92	104	112	115	106	106	126	100	103	85	116	102	101	95	82	102	105	95	114	115	100	113	115	118	100	129	116	101	106	131	118	104	114	108	90	118	108	116	89	124	119	92	96	83	94	119	76	102	121	97	104	80	91	107	108	125	110	123	101	80	97	96	109	106	117	118	114	126	106	105	115	113	103	103	110	107	83	108	101	118	89	116	95	73	118	121	108	90	106	93	124	123	115	109	96	107	103	107	121	98	118	124	107	89	73	74	50	85	76	66	67	67	74	59	77	83	68	70	59	73	58	76	86	75	67	68	48	73	62	64	67	66	73	89	71	67	65	86	85	80	52	64	98	56	75	53	68	78	76	69	86	69	65	69	68	74	55	64	53	53	62	82	92	63	83	75	63	70	63	62	79	62	79	72	78	74	76	73	63	65	79	65	62	63	62	84	69	73	68	58	71	62	68	69	83	54	65	74	63	59	74	72	84	78	89	75	60	75	74	81	70	70	90	67	58	72	56	83	66	67	60	62	64	66	79	71	79	72	60	79	93	75	63	60	65	82	64	72	70	68	68	72	87	70	75	73	66	71	63	57	74	69	65	75	68	68	75	85	65	63	81	63	66	85	60	73	57	59	71	63	73	65	74	77	69	84	68	63	61	86	68	65	66	80	82	61	70	75	76	68	62	61	65	80	76	60	55	62	72	67	76	68	79	65	81	81	74	57	65	72	77	84	69	66	83	60	81	74	80	90	83	84	78	65	66	68	60	68	60	68	81	75	77	57	72	62	81	61	78	82	84	54	56	69	74	88	72	84	57	72	65	85	66	78	75	64	62	73
cell154	181	150	176	136	149	172	151	171	173	147	153	174	182	177	178	141	156	158	181	161	168	174	179	157	173	154	147	174	156	166	195	169	199	163	192	159	188	166	188	156	165	163	137	169	179	172	150	157	151	166	151	153	163	159	162	167	156	210	178	217	157	166	153	147	150	157	165	150	171	178	167	145	163	156	156	184	169	173	151	191	142	181	153	161	163	157	180	172	192	166	168	187	157	165	168	186	136	160	156	186	161	166	187	161	157	139	148	160	140	159	196	140	177	159	192	181	164	163	137	162	139	158	165	139	157	155	170	180	152	160	186	181	146	149	174	159	184	148	153	189	133	138	183	165	152	181	170	183	156	164	183	169	166	191	161	149	152	163	162	143	192	161	164	171	169	180	138	139	188	170	174	153	165	147	152	192	171	176	147	202	149	149	170	165	138	189	165	140	188	166	143	171	168	179	171	168	187	192	144	185	162	134	160	171	164	164	166	176	186	164	187	210	185	167	154	154	161	162	186	171	180	136	171	174	154	184	175	182	160	154	200	197	182	188	139	178	169	147	181	154	177	169	193	169	109	104	104	113	116	112	119	100	108	109	130	95	94	106	116	116	113	116	136	104	135	127	96	109	121	119	89	128	103	120	114	103	100	112	113	112	117	121	117	111	120	114	113	128	114	93	106	113	119	98	91	96	113	119	112	89	112	102	117	120	103	114	127	100	105	109	123	85	112	89	99	125	101	124	100	114	99	112	130	86	93	109	109	90	127	109	124	133	91	103	125	118	104	116	98	92	127	110	118	112	100	96	127	108	99	96	106	98	117	90	105	105	101	121	100	110	103	125	121	98	118	103	102	117	117	101	129	112	99	109	112	108	125	124	125	96	127	126	106	127	107	134	121	117	112	103	92	116	111	105	100	106	122	101	114	104	89	105	105	108	103	113	116	113	117	127	99	88	117	126	100	93	112	122	108	122	117	126	117	101	114	104	129	107	114	100	119	95	104	100	110	119	121	102	114	99	116	118	113	112	117	121	129	139	95	85	119	128	93	119	104	106	120	91	112	121	113	94	142	114	127	131	115	123	109	102	118	108	105	108	112	112	101	99	96	106	113	108	90	106	102	122	115	97	127	121	118	129	127	125	92	114	110	113
cell155	92	92	81	105	96	84	103	95	95	89	89	78	83	110	97	95	76	99	84	82	87	86	75	90	75	83	96	90	93	95	95	115	85	100	85	91	97	105	105	113	85	104	96	100	83	92	87	154	151	141	123	131	131	138	147	137	139	155	143	154	150	132	156	154	131	140	153	151	133	149	151	116	149	134	133	92	97	96	74	106	90	49	45	52	0	0	0	50	53	51	76	87	76	80	104	98	85	91	95	107	101	91	83	98	96	90	104	90	102	90	96	87	88	79	90	72	96	84	83	83	87	89	84	104	101	83	94	101	87	93	91	84	95	78	100	96	103	84	105	100	77	84	115	78	75	83	103	99	94	75	88	85	99	85	81	81	90	92	91	93	84	84	88	92	98	101	104	95	79	90	95	67	81	90	110	129	85	95	96	102	94	69	88	79	94	96	88	108	96	96	102	96	69	99	81	112	101	106	75	108	105	88	114	93	78	90	105	94	92	85	99	93	97	93	98	105	103	89	102	89	99	79	81	85	95	95	84	82	102	111	112	110	83	101	89	100	81	76	87	112	96	90	122	79	96	98	113	92	99	101	93	99	81	96	96	91	96	91	103	91	85	83	108	71	75	90	78	95	90	95	78	85	90	86	90	101	78	101	95	103	79	95	102	98	88	97	98	96	100	109	87	98	75	89	80	89	108	111	90	94	76	96	82	94	96	119	101	81	107	107	103	92	86	81	99	115	85	84	95	87	90	85	95	82	86	95	92	102	89	89	91	103	92	75	99	95	99	89	81	91	99	85	82	107	80	86	87	95	83	79	89	77	105	92	79	111	86	90	81	91	92	96	109	81	67	75	89	88	96	89	86	86	97	74	88	91	107	85	86	83	110	117	105	85	79	105	93	103	94	94	84	91	90	90	89	91	87	99	84	66	95	104	95	86	75	89	85	81	86	95	101	80	71	90	93	102	96	108	116	102	91	74	90	87	86	81	90	81	84	93	96	99	86	100	85	82	107	75	100	97	96	92	103	93	95	94	90	85	89	103	80	106	78	90	85	90	98	94	103	84	76	91	101	69	88	100	92	105	83	84	135	108	91	80	96	93	88	80	97	99	74	81	68	94	111	92	90	87	92	105	108	90	101	103	84	83	94	79
cell156	94	83	64	91	94	95	86	83	81	79	85	91	90	79	69	75	93	82	85	89	86	93	83	99	83	63	74	90	83	87	80	100	103	96	80	81	76	85	94	101	79	79	68	86	79	87	77	83	95	84	76	68	83	85	84	87	70	104	85	94	73	80	77	90	96	77	88	81	77	96	78	76	77	70	64	108	80	87	64	97	81	82	82	101	83	92	105	80	84	80	104	78	77	80	85	71	76	85	70	83	83	60	92	68	76	76	73	81	99	71	100	83	79	87	111	80	105	78	75	85	71	91	90	91	87	82	72	91	84	96	91	84	97	83	95	85	76	79	99	78	95	91	90	86	83	86	111	98	72	77	97	93	81	90	84	80	86	90	87	76	75	84	102	100	93	87	67	78	84	87	79	80	63	110	84	83	94	92	76	89	81	89	81	81	75	94	70	89	82	73	91	86	73	81	94	96	95	83	79	76	87	78	76	101	67	81	91	96	92	83	94	102	88	72	90	79	90	77	89	98	80	89	79	88	91	77	83	73	84	73	87	85	87	87	97	87	84	79	75	80	87	106	82	61	72	47	47	62	54	47	44	47	52	58	56	43	53	69	49	59	53	65	55	46	46	55	57	36	49	66	41	58	65	47	58	58	64	58	59	39	53	56	64	48	45	56	54	63	52	53	49	51	54	56	54	50	60	62	57	43	53	58	54	64	55	56	66	47	51	74	72	50	66	57	75	63	52	71	51	61	68	48	39	44	48	73	52	58	62	56	54	56	50	57	63	47	47	58	49	45	58	52	75	60	61	52	47	51	56	52	51	61	69	57	54	53	53	67	77	43	73	38	67	62	45	52	53	71	65	43	56	63	49	51	66	66	49	57	52	59	56	74	51	66	47	65	63	65	46	51	55	57	51	48	49	43	56	68	51	65	50	56	56	49	61	67	69	51	65	63	60	52	53	52	55	60	78	56	57	65	52	47	60	48	57	40	60	50	45	59	54	63	50	61	48	47	49	53	55	50	74	64	67	63	57	68	57	64	62	53	44	61	57	74	59	42	54	51	58	56	51	51	61	52	54	54	49	68	50	50	51	54	50	63	41	44	62	62	43	39	48	50	50	61	62	59	67	51	49	49	61	56	49	59	44	55	45	58
cell157	205	211	205	193	173	156	203	174	205	186	190	197	185	168	191	173	159	186	208	205	191	206	203	215	202	186	207	162	225	185	187	177	199	183	186	176	197	198	212	230	216	181	183	183	205	200	177	163	183	216	168	185	185	163	202	195	166	212	179	207	187	184	183	212	190	206	160	199	192	199	197	183	203	191	188	199	204	171	161	192	166	195	188	196	176	176	206	189	214	212	179	212	202	160	178	179	182	175	194	177	195	199	192	161	200	160	200	217	169	190	187	187	177	157	203	183	214	176	166	169	186	171	179	209	207	216	154	220	191	181	190	189	194	194	203	164	192	188	224	208	187	184	202	195	179	179	188	213	182	191	208	172	178	182	175	190	176	202	175	206	190	155	196	189	202	220	184	216	204	181	196	196	198	209	213	176	209	182	201	219	195	178	189	182	200	191	195	191	188	179	166	194	154	175	197	185	192	229	185	186	204	177	191	211	183	197	189	210	183	173	208	201	201	173	191	199	189	169	183	174	190	180	179	166	175	189	196	184	189	191	213	219	225	217	197	195	178	191	178	185	229	234	209	183	123	125	130	136	127	131	160	136	128	153	103	108	117	116	120	122	113	120	142	106	148	117	94	125	148	143	123	102	116	143	151	132	120	134	135	137	121	121	131	131	127	120	116	124	118	130	139	120	115	119	113	128	154	126	109	143	123	151	127	137	134	128	137	102	143	131	129	108	114	118	156	142	140	133	117	123	129	128	136	128	136	132	128	116	139	108	111	126	121	133	135	119	126	130	109	107	165	125	154	125	118	121	117	124	145	122	107	131	131	122	111	124	119	119	117	129	122	130	111	119	143	124	124	139	142	113	99	124	119	122	133	133	119	112	132	119	118	136	122	127	140	126	136	134	131	146	114	141	120	113	116	114	109	127	127	118	126	116	122	143	108	126	121	127	124	134	125	110	115	131	130	129	129	113	130	165	132	112	125	137	115	126	116	131	126	105	121	141	95	133	112	120	107	105	140	139	118	158	132	149	125	141	143	115	123	111	110	144	130	123	115	121	125	108	157	129	130	112	131	127	129	132	116	134	144	139	129	135	96	132	137	118	107	105	144	125	111	115	120	128	143	135	154	120	135	136	126	127	114	117	129	120	97	118
cell158	80	78	82	87	83	88	97	72	84	79	88	85	83	78	72	63	72	67	97	81	85	76	85	87	89	89	80	68	78	68	99	80	69	71	85	91	91	83	72	82	84	80	77	70	80	85	71	135	111	120	127	118	115	126	130	127	144	128	146	117	151	130	140	122	121	104	130	117	116	133	127	112	123	136	116	84	74	92	70	99	64	36	31	41	33	36	45	52	41	42	73	89	71	79	74	70	67	76	80	82	85	83	88	66	78	64	81	86	82	80	93	83	62	69	76	64	92	73	69	96	66	74	71	82	92	78	78	82	77	76	69	76	71	74	73	71	89	83	88	75	72	101	81	72	76	65	69	81	82	67	85	81	65	90	94	74	74	80	77	91	85	71	97	83	77	100	94	91	89	79	65	76	84	94	78	69	65	95	82	78	68	78	81	79	89	94	71	89	81	67	81	80	87	70	98	82	93	70	75	89	96	67	68	76	76	86	64	79	84	89	90	70	92	79	88	78	86	85	83	93	76	87	72	78	84	74	86	74	94	97	78	76	82	80	72	70	69	72	85	82	89	75	87	70	71	84	83	74	77	88	82	73	91	86	78	69	96	102	81	84	89	115	83	88	106	84	74	63	86	73	68	75	75	81	86	76	84	69	71	75	79	78	89	74	72	69	76	73	82	84	79	104	89	80	53	80	91	103	74	75	87	77	84	78	68	86	81	69	83	85	73	68	86	55	84	110	107	82	79	72	78	84	71	80	79	76	89	78	68	74	73	78	81	83	86	85	86	87	92	53	84	71	101	97	72	89	78	89	92	81	100	77	76	81	73	82	70	65	90	86	80	81	81	74	81	82	69	67	82	79	92	80	89	76	70	84	71	87	73	87	59	82	93	77	106	87	76	78	91	87	81	85	83	79	94	78	69	68	71	79	76	79	76	99	64	65	60	70	76	83	83	83	74	81	94	92	90	76	70	101	87	91	71	72	78	73	68	82	87	89	71	78	83	79	97	80	79	62	72	71	79	72	87	73	98	106	60	79	66	95	70	94	90	85	70	84	75	61	86	69	84	83	85	55	74	91	82	66	63	101	88	82	75	67	94	68	79	94	91	74	69	83	70	66	72	77	70	73	92	79	76	82	74	63	76	71	82	87
cell159	125	121	127	115	123	138	128	126	114	114	142	137	131	116	130	96	115	122	119	134	112	122	127	131	125	116	121	131	124	122	127	138	123	134	120	134	120	116	139	134	132	104	110	134	123	125	123	105	106	127	122	110	101	129	139	156	127	130	142	148	146	132	121	126	135	127	147	120	115	107	126	117	110	134	116	123	116	128	117	142	132	125	129	136	104	134	136	117	135	136	122	125	104	103	117	109	114	142	114	113	136	111	148	121	102	108	118	134	135	121	141	111	116	128	128	110	124	115	110	112	112	124	134	142	126	126	127	149	112	120	119	123	126	137	118	101	140	115	119	135	122	125	123	131	127	119	126	146	118	137	140	101	124	117	101	115	135	137	129	134	129	119	150	121	132	134	109	109	123	143	101	126	116	126	117	104	120	131	130	121	109	108	128	108	121	124	124	123	120	117	95	120	132	131	118	131	126	122	138	104	123	116	124	127	110	129	125	119	133	131	126	132	124	122	154	110	139	129	122	135	121	114	142	127	119	119	131	132	133	116	135	109	126	114	117	128	107	126	130	130	123	125	124	117	86	96	76	81	106	91	76	76	84	87	86	76	83	95	74	82	79	99	77	79	97	86	76	95	83	88	89	74	68	79	81	80	89	80	80	92	71	85	92	79	76	70	84	89	98	68	66	91	89	86	80	93	81	95	92	78	73	84	77	83	90	82	105	83	66	74	89	80	80	91	85	85	70	86	88	89	81	80	106	77	87	68	98	86	70	86	88	91	80	80	109	68	81	84	76	70	86	77	100	83	77	70	92	70	92	98	85	92	87	67	79	83	91	95	105	65	99	93	74	72	72	78	79	90	87	89	101	72	90	89	80	84	71	90	82	82	67	74	84	99	91	85	86	83	88	68	96	88	83	88	77	69	81	72	81	86	81	71	80	78	92	80	67	75	84	94	101	88	86	82	70	76	88	73	78	83	88	78	84	81	97	73	84	88	74	77	86	94	87	79	83	80	75	66	89	74	82	93	81	96	84	74	89	87	69	86	89	77	92	97	82	78	94	65	88	96	92	84	84	75	84	85	80	103	78	90	89	95	76	96	89	76	71	77	76	78	87	77	75	80	63	106	82	69	80	88	92	71	102	83	95	75	73	73
cell160	67	62	71	61	76	58	77	68	63	71	80	87	71	83	68	63	71	71	77	65	55	67	66	73	64	71	72	77	75	69	75	69	85	69	83	65	60	78	69	76	59	77	56	56	73	70	77	77	63	72	61	70	73	69	78	72	65	71	68	70	60	72	74	77	68	61	69	79	70	73	77	75	70	70	64	59	74	63	67	82	65	79	65	66	62	76	85	70	69	68	72	72	71	53	67	69	65	55	68	58	67	60	70	64	74	65	71	78	63	72	75	73	74	66	73	81	76	75	70	58	57	69	71	79	69	75	77	78	65	74	57	69	77	61	66	75	81	62	61	68	73	76	82	75	73	71	80	88	73	75	79	71	54	75	74	46	72	67	82	68	75	54	86	76	84	69	67	62	78	86	66	67	59	63	77	63	54	75	65	68	70	59	56	86	72	62	58	75	76	76	61	78	64	71	73	59	59	87	59	69	72	66	77	77	65	70	76	91	71	78	66	72	72	54	54	63	65	55	62	74	65	68	54	70	79	69	78	70	74	70	79	83	84	67	71	70	74	82	52	66	58	70	86	67	87	68	60	72	76	66	75	69	66	77	65	64	83	73	79	71	66	70	89	65	70	58	76	87	73	74	80	67	87	77	83	69	77	76	71	73	71	73	86	71	72	70	71	73	76	58	80	78	67	62	59	67	61	79	68	63	65	63	71	66	74	70	97	57	67	75	55	54	71	62	77	75	61	71	70	79	65	67	77	52	79	69	87	65	80	62	84	79	56	78	71	81	69	72	59	74	84	67	66	66	67	68	66	70	68	80	75	53	68	80	66	68	74	77	62	73	63	61	75	61	71	58	86	69	68	70	88	79	79	68	78	87	72	83	71	64	61	105	77	68	59	72	75	75	86	75	71	69	66	56	75	63	80	70	63	83	78	75	60	71	70	73	75	64	55	67	82	91	73	54	77	88	59	75	67	65	68	59	78	88	59	66	79	76	72	82	86	66	70	62	74	63	63	71	71	65	71	75	67	56	68	81	61	73	63	64	64	62	62	62	62	74	72	61	71	85	63	57	73	70	69	86	63	95	73	68	68	75	71	63	67	70	67	60	77	71	60	60	80	79	65	76	86	79	75	66	72	86	50	77	54	72	62	66
cell161	128	124	106	126	109	104	113	115	132	126	134	118	108	126	119	116	109	131	105	103	113	137	108	112	128	119	111	128	131	114	124	122	134	121	128	104	139	122	128	131	137	117	102	124	107	121	109	135	107	131	129	96	98	121	126	106	104	135	119	141	113	110	120	121	120	111	107	116	105	107	117	121	105	125	122	122	109	101	100	114	133	130	120	115	98	115	131	118	130	124	122	126	134	103	122	121	107	110	120	110	120	98	104	97	115	102	108	134	106	124	144	123	115	116	130	113	124	116	109	111	112	112	130	101	113	114	100	142	118	125	112	125	129	119	122	114	129	104	117	119	129	113	100	117	119	121	127	139	126	93	125	108	88	110	110	110	153	123	121	122	119	100	120	113	129	121	121	138	111	124	117	116	102	142	118	110	88	132	134	124	119	141	121	136	116	123	100	127	116	134	134	143	103	121	127	125	128	103	114	103	117	118	129	119	123	123	143	129	118	113	132	134	102	108	135	123	119	104	118	113	137	113	111	129	130	119	138	104	125	101	144	128	135	129	106	111	83	125	120	127	123	130	126	130	77	70	76	79	92	86	61	76	82	71	71	91	91	77	80	83	77	111	95	82	91	74	72	84	94	102	86	72	71	73	79	76	61	93	86	75	77	85	85	71	71	73	77	78	78	79	77	73	73	73	69	72	90	87	81	75	86	87	77	89	94	84	90	82	91	73	85	66	83	74	75	86	63	73	56	84	66	87	77	66	90	69	87	84	81	79	71	89	85	80	98	84	90	90	85	72	91	74	98	74	74	74	75	85	75	71	82	82	77	65	61	66	74	71	71	66	67	83	66	70	80	87	82	79	78	81	71	80	81	67	76	86	90	80	71	59	71	85	87	78	77	90	71	72	84	85	76	83	77	84	64	66	81	82	76	77	92	72	76	67	90	85	71	67	81	77	68	64	86	59	89	100	69	75	92	61	87	83	74	89	83	82	75	73	82	70	102	85	82	62	81	86	78	68	75	81	66	73	83	73	87	72	84	69	85	84	80	63	70	80	82	83	79	91	68	95	77	69	79	85	78	78	70	97	92	88	85	90	94	75	60	72	82	87	81	84	77	81	79	66	85	92	81	68	86	62	59	79	84	70	71	74	68	67
cell162	162	151	168	156	166	161	173	151	167	155	145	155	178	169	173	162	150	158	178	179	158	179	171	149	165	154	156	175	156	169	181	153	173	164	150	158	170	154	201	166	171	194	176	165	154	157	144	152	159	158	155	154	149	162	173	176	165	166	167	190	159	172	177	188	159	170	166	163	166	157	165	159	179	179	159	157	156	139	173	172	159	149	156	163	157	173	177	154	167	169	154	193	167	160	179	150	157	149	153	149	145	137	182	152	148	155	150	154	172	153	168	186	184	137	181	142	180	144	155	159	141	156	158	173	175	159	159	194	171	165	152	154	178	152	182	174	175	170	172	163	166	149	177	145	157	179	154	167	154	132	168	151	142	192	161	140	155	179	168	176	176	147	191	187	166	185	170	162	163	186	169	172	165	180	141	171	143	166	202	172	170	140	159	139	151	182	164	179	152	203	148	154	164	153	164	167	186	167	161	177	149	139	144	182	188	166	158	169	165	143	157	178	165	164	144	157	154	165	144	159	179	167	156	170	157	148	178	163	154	148	182	157	190	171	177	167	154	161	163	149	175	187	157	153	98	100	100	114	127	116	101	96	109	121	99	108	108	118	112	105	110	113	113	86	110	96	105	129	88	106	121	107	106	114	117	104	110	119	126	123	105	98	103	132	118	108	110	108	107	95	102	111	118	110	108	109	112	119	118	102	105	108	82	122	107	107	113	103	97	118	112	88	127	112	148	138	100	106	93	101	119	108	97	115	82	97	134	109	126	114	107	133	120	118	98	115	102	123	109	86	96	114	126	108	86	117	113	91	85	129	112	95	106	109	89	116	86	131	118	113	109	119	119	92	109	110	95	125	99	108	106	134	96	106	132	105	112	97	99	108	104	111	106	112	100	122	119	94	112	101	112	110	106	110	98	118	98	103	117	101	113	87	118	108	121	100	101	104	107	102	106	95	85	118	102	128	112	137	117	106	115	93	111	111	121	111	87	113	110	102	107	102	97	120	105	96	109	90	108	113	104	120	112	109	117	110	123	105	96	122	93	137	121	109	96	101	111	124	100	103	115	130	124	104	102	106	114	126	102	107	123	105	101	106	137	100	100	133	111	103	108	103	98	100	133	118	108	108	111	113	113	98	112	110	110	98	88	109
cell163	130	126	141	165	126	126	138	117	124	133	138	152	143	138	129	125	123	119	131	134	109	151	138	147	117	123	128	146	171	150	141	158	156	111	142	157	138	163	154	148	137	118	136	148	138	138	136	131	149	126	146	125	156	146	121	133	144	154	131	131	141	136	140	138	141	123	146	155	112	149	129	124	128	127	118	139	123	139	140	149	139	134	160	148	113	127	160	136	161	127	134	139	131	115	122	138	122	135	131	141	152	119	146	112	137	118	128	152	109	145	153	139	163	125	139	129	134	125	108	147	141	134	127	130	142	140	131	165	121	105	121	158	133	117	136	123	125	161	125	130	137	138	151	149	125	125	144	160	120	123	149	144	125	119	124	121	139	151	130	159	145	128	168	146	122	138	137	139	133	151	128	109	144	152	131	150	129	137	149	147	142	150	134	122	156	141	128	145	134	135	152	132	130	149	129	129	169	146	124	136	114	109	134	124	136	136	156	129	160	128	119	145	157	132	136	130	138	113	134	146	151	126	151	135	136	143	130	133	118	141	135	142	155	121	137	132	131	146	138	120	144	137	137	140	84	91	84	81	108	115	89	96	88	100	111	104	101	87	75	92	93	87	95	75	92	95	93	105	102	92	74	94	87	95	84	86	100	92	97	84	100	85	101	96	82	96	78	98	102	92	96	94	98	82	83	104	96	98	94	72	85	92	101	94	88	88	106	86	98	85	94	88	78	85	90	93	85	90	67	92	94	102	108	68	89	83	95	83	72	86	99	93	88	94	94	87	90	96	75	83	89	103	97	76	102	89	91	94	94	109	101	85	82	100	104	81	96	92	78	81	82	80	88	95	77	87	95	97	90	102	95	83	91	89	97	107	100	79	74	83	85	87	88	99	83	113	88	76	103	94	72	86	85	82	83	75	95	86	81	102	83	88	95	94	101	87	101	91	91	98	81	91	74	81	87	82	107	94	105	104	91	91	89	79	99	89	82	86	79	85	84	83	86	105	107	77	112	84	77	67	92	97	76	81	100	106	92	81	94	91	101	91	82	100	86	87	114	86	102	112	93	88	87	75	105	88	71	78	80	92	93	83	90	85	95	86	78	82	87	103	74	85	71	100	105	101	103	84	94	82	92	83	100	83	89	107	73	102
cell164	184	136	150	156	127	159	161	135	156	151	153	159	167	153	144	148	136	168	156	153	157	187	146	174	174	170	160	179	189	154	163	181	181	156	157	159	149	178	205	150	155	164	147	142	166	157	150	142	160	164	154	155	161	168	159	169	162	154	163	178	177	157	173	172	168	139	149	170	155	157	149	152	167	166	153	161	138	152	135	182	146	178	141	152	141	187	163	153	184	159	154	168	159	155	142	164	163	149	152	175	174	163	138	144	149	138	162	176	152	151	163	162	150	149	142	141	182	144	155	166	147	164	163	153	173	145	155	182	133	175	140	167	169	140	163	167	156	153	158	168	156	161	194	145	166	165	174	200	179	155	156	135	145	156	153	167	182	159	153	163	148	150	198	156	165	178	157	166	155	164	158	163	131	155	174	154	147	176	155	176	157	152	160	157	170	181	131	154	165	146	146	187	150	167	183	173	168	183	135	137	150	143	158	186	155	168	126	185	187	171	151	181	137	161	179	163	149	148	169	164	142	147	150	132	138	163	149	167	154	156	169	184	172	152	167	149	159	167	180	159	167	180	164	145	97	106	116	117	122	123	107	123	92	105	124	101	129	107	108	112	98	116	106	117	124	118	108	122	122	108	111	103	114	116	103	88	97	108	89	106	101	118	99	103	106	110	104	108	90	90	94	109	111	108	104	100	99	130	111	104	102	114	91	114	111	104	118	95	118	86	126	91	88	108	88	129	93	109	108	95	100	109	105	96	116	117	116	111	99	94	100	117	110	118	113	106	98	121	94	82	116	95	109	102	81	93	110	108	104	115	90	91	109	117	91	113	95	105	108	104	100	97	116	69	116	107	101	104	101	83	106	97	111	97	123	127	100	104	109	108	101	106	109	94	107	126	115	110	114	92	120	104	103	93	96	97	102	112	88	104	90	81	101	127	108	80	100	96	90	106	88	91	122	77	112	105	129	108	109	103	112	97	100	109	103	101	104	101	100	105	125	111	104	92	119	96	103	108	106	109	100	125	103	95	110	112	108	108	101	112	102	110	111	129	90	109	113	103	95	140	96	77	103	111	98	96	122	141	114	88	102	121	108	102	113	99	97	94	110	112	96	134	94	93	104	106	99	92	85	104	105	104	86	77	100	124	93	98
cell165	125	94	112	104	85	92	110	92	105	111	120	104	98	93	115	104	97	119	105	102	116	96	90	113	113	108	108	111	111	101	126	98	114	127	91	119	108	110	133	121	104	100	99	95	111	114	119	152	184	182	155	159	165	183	151	171	149	187	165	170	170	172	189	162	157	173	163	186	155	166	169	165	164	169	163	90	119	111	92	121	110	64	58	64	0	0	0	64	67	68	95	108	95	83	109	92	111	112	111	116	93	110	100	106	113	117	99	123	89	97	93	111	98	98	111	86	108	82	96	118	94	99	107	118	131	116	98	119	93	98	92	95	142	94	92	112	104	107	117	125	102	117	109	101	108	102	101	128	120	98	127	107	92	117	78	98	109	114	134	123	98	87	110	92	120	117	98	110	104	109	99	100	97	119	123	98	112	115	104	129	118	99	100	109	109	126	123	96	100	115	93	104	102	87	103	110	135	112	114	122	110	123	137	105	105	99	103	117	96	99	91	111	107	125	149	118	105	86	98	106	118	97	100	102	112	108	113	107	106	106	119	92	115	111	101	97	113	105	98	96	119	92	120	105	101	117	107	113	142	113	98	101	96	111	112	130	106	107	107	108	107	105	122	95	102	128	102	104	90	131	109	107	94	105	123	97	130	107	110	125	114	98	111	99	120	106	109	108	97	98	110	106	109	96	126	123	105	98	109	87	106	98	118	110	102	101	108	102	103	109	118	92	114	103	98	135	111	118	93	118	99	109	112	79	108	112	94	101	127	105	93	106	101	123	126	113	103	141	120	96	102	122	120	118	101	110	94	108	117	93	94	105	102	119	90	101	99	93	90	113	91	114	98	100	111	98	103	100	116	118	116	113	125	102	103	118	104	105	98	96	93	133	89	124	139	107	107	98	107	102	112	102	102	94	90	97	112	114	92	111	102	112	125	103	116	95	115	124	110	116	115	116	91	107	103	120	115	97	102	120	127	97	128	103	95	107	111	108	103	93	94	108	101	96	114	93	108	94	119	112	121	83	117	106	108	121	127	105	101	88	101	100	93	111	101	107	104	87	102	100	111	117	101	98	109	118	112	113	116	93	121	121	97	102	91	103	97	90	92	108	104	98	100	123	113	101	125	109	96	102	102	96	100	94	94	83	90	96
cell166	231	201	201	211	198	219	234	189	206	178	223	195	216	207	199	214	208	200	220	204	196	211	207	218	227	231	236	205	245	242	225	212	226	202	219	206	227	236	202	230	239	202	194	208	210	220	216	193	195	227	210	184	210	210	221	234	230	219	210	222	196	183	216	235	233	201	208	194	215	222	213	197	216	191	181	227	252	224	191	236	208	223	228	206	210	204	239	225	233	224	199	205	227	177	206	190	191	199	179	191	191	226	221	195	172	169	194	209	202	214	245	199	220	190	189	210	231	210	202	218	196	209	219	202	202	219	222	200	195	203	215	230	216	208	211	205	227	226	221	208	217	211	240	210	200	189	228	222	219	199	219	208	213	220	185	196	216	206	201	216	221	174	234	216	225	236	184	229	216	223	205	195	187	209	218	235	216	229	213	226	210	202	189	203	217	251	188	198	220	189	205	205	206	215	213	234	206	205	211	205	220	212	231	216	186	243	216	214	239	219	235	226	235	190	217	192	222	181	217	260	212	225	191	210	201	233	223	218	224	226	227	229	215	260	209	192	226	226	217	203	227	211	219	224	142	166	143	142	146	152	150	149	163	161	139	142	146	152	152	137	139	159	161	127	144	153	105	167	146	164	139	118	136	147	154	150	138	143	139	142	123	153	130	133	130	147	137	148	135	124	152	143	133	128	136	147	145	134	123	119	155	129	118	144	148	135	156	141	160	150	138	128	136	130	146	171	139	155	119	155	160	141	132	125	132	134	148	131	124	144	129	145	128	177	146	148	134	139	138	147	156	143	164	121	134	138	145	146	134	141	134	131	156	148	120	133	144	126	130	113	145	158	138	137	153	143	148	145	133	149	141	127	117	112	112	159	143	146	132	136	116	157	139	139	121	147	130	115	131	138	134	149	129	146	128	150	118	159	142	134	142	121	157	139	139	173	142	140	157	156	153	120	132	149	124	145	139	143	137	143	149	136	166	143	156	118	153	129	139	128	133	157	130	155	145	137	159	118	133	142	130	134	149	134	160	173	140	154	141	138	138	174	141	160	125	152	135	124	148	153	151	120	165	138	165	163	164	180	143	136	149	139	139	133	130	150	117	122	153	175	134	141	137	149	156	140	152	137	148	150	147	155	138	159	128	136	124	108
cell167	124	126	139	113	104	127	139	113	130	113	126	122	143	141	134	119	93	139	138	122	131	137	126	139	137	134	130	133	140	140	124	127	140	142	133	131	144	125	132	110	99	110	167	121	117	122	129	133	125	126	103	130	126	128	139	124	136	142	139	163	123	136	134	127	114	122	139	137	115	127	156	140	135	135	127	126	129	138	113	128	116	140	138	122	128	128	144	118	125	104	140	138	112	111	116	111	146	137	147	146	111	106	135	115	122	113	107	137	134	126	148	108	124	128	160	120	136	113	126	122	133	128	127	109	141	137	107	144	129	146	135	139	114	131	132	151	146	144	134	101	147	120	148	141	135	124	121	162	126	137	120	133	112	127	141	126	134	133	134	126	120	129	130	127	119	137	118	115	128	128	145	129	110	123	135	115	160	134	127	138	121	124	126	140	140	137	125	124	126	115	122	126	135	118	130	140	136	116	118	138	134	126	134	131	112	144	131	133	160	122	135	133	131	108	127	127	144	116	139	146	126	139	116	132	137	137	151	142	116	114	142	136	121	134	147	141	130	138	122	126	140	136	134	116	106	89	88	82	85	80	97	75	107	94	104	97	78	83	95	94	87	86	83	90	100	95	80	101	71	83	92	78	114	70	85	98	92	93	97	86	94	82	96	85	78	84	82	87	82	68	84	81	88	81	96	79	85	79	86	84	86	103	83	97	84	87	92	82	86	92	76	76	76	72	95	91	64	98	66	95	96	85	93	90	90	80	102	84	82	97	83	103	100	79	97	95	90	88	89	57	80	92	93	87	99	87	93	85	83	94	101	81	87	78	69	90	76	102	83	92	81	78	89	72	92	89	92	94	91	73	76	79	80	83	89	81	88	74	91	85	70	96	82	95	97	83	99	81	60	98	97	77	84	88	82	82	86	68	82	84	101	71	65	69	69	91	89	90	106	78	100	80	83	72	80	93	83	102	97	84	88	95	80	91	85	93	80	81	113	94	81	91	86	78	83	88	92	101	88	84	90	87	82	65	104	95	87	81	88	98	70	87	78	80	78	84	85	73	87	95	92	60	92	84	78	98	107	112	91	74	97	101	102	67	91	80	80	65	86	88	91	78	64	90	92	99	74	82	77	93	80	99	99	60	80	88	81	62
cell168	102	94	109	84	72	98	112	99	112	71	76	75	99	101	83	94	78	86	116	104	92	76	97	108	104	70	96	79	113	103	90	101	94	106	93	92	82	89	107	87	78	79	89	84	92	89	92	98	104	98	100	74	95	94	93	102	93	107	80	116	96	92	91	102	97	83	88	109	87	91	109	90	69	93	87	88	89	96	86	91	98	102	104	96	84	100	84	105	105	108	93	93	74	92	83	101	82	86	90	109	79	96	92	82	85	82	89	101	97	79	96	94	73	86	81	105	104	89	105	79	81	109	78	92	93	106	104	83	107	107	101	88	97	77	94	85	89	96	95	85	96	107	99	82	94	90	90	113	97	85	98	85	89	96	97	95	99	95	106	89	100	86	113	92	104	100	79	107	87	107	88	84	81	91	96	87	87	85	93	86	94	95	75	89	98	110	96	109	92	108	104	102	86	91	96	90	105	104	103	86	85	84	95	97	76	91	89	104	110	96	82	96	108	82	82	88	96	87	81	99	103	93	77	81	74	86	107	97	85	84	109	106	94	83	101	92	94	69	114	88	95	81	90	94	56	73	55	62	64	54	70	60	49	68	63	59	61	65	72	66	53	66	63	56	63	65	63	77	59	78	68	71	61	48	58	57	65	71	64	50	48	63	87	68	83	66	63	66	61	53	54	67	63	74	52	67	62	55	69	67	49	62	61	70	54	71	76	51	49	73	64	49	57	57	60	71	66	74	69	66	53	60	55	65	61	57	69	67	49	59	73	67	59	70	64	59	64	64	59	49	77	49	72	62	58	55	61	54	72	60	60	52	70	60	59	56	60	56	54	59	62	55	52	66	65	62	57	69	57	47	53	68	64	80	59	54	56	66	56	64	61	73	77	48	67	52	76	55	67	79	69	51	64	59	63	66	71	65	69	61	55	48	53	62	51	55	56	65	64	70	70	72	64	59	71	77	62	69	68	64	56	48	66	36	70	50	65	50	55	69	63	63	66	49	84	66	53	57	55	69	71	66	62	58	53	79	69	62	60	59	48	63	55	69	47	56	49	57	61	57	57	59	63	57	66	84	54	77	63	62	75	56	68	64	54	59	65	50	61	62	58	64	57	52	59	64	62	57	68	58	66	76	58	65	59	60	55	66
cell169	214	169	195	210	185	212	211	208	197	156	206	196	207	204	205	202	164	188	201	183	197	228	198	195	165	191	228	213	190	200	191	205	225	215	179	217	197	208	205	210	187	181	199	196	209	193	195	206	194	200	171	186	181	181	207	214	193	211	235	226	197	197	194	196	186	174	220	204	175	204	185	210	201	199	190	173	190	181	188	215	190	200	202	186	184	221	252	194	223	195	185	198	199	183	171	181	181	208	155	210	190	188	189	196	183	189	213	219	181	199	232	186	199	166	214	200	237	183	182	203	159	188	195	193	207	220	191	211	199	184	200	210	226	179	199	220	219	197	209	194	200	176	190	204	184	217	175	202	204	205	192	191	193	203	179	190	213	218	178	192	196	176	208	184	205	243	187	170	195	208	201	172	192	197	195	203	189	175	184	224	210	172	182	201	202	178	200	192	196	177	185	180	191	203	201	215	194	198	184	199	201	174	201	229	198	200	194	253	213	171	223	192	222	187	201	199	204	173	200	220	183	186	200	197	193	183	216	200	222	178	226	209	189	208	178	191	160	196	212	193	216	218	229	182	115	128	116	128	169	126	130	140	119	128	120	107	130	125	121	126	107	143	121	122	142	138	133	131	134	138	123	120	120	137	155	121	135	148	145	156	118	132	142	129	142	134	139	117	131	116	144	125	130	128	128	146	128	148	145	126	111	136	130	147	125	134	144	138	134	130	128	115	133	130	142	156	129	145	106	137	119	133	126	133	125	140	139	129	121	131	101	124	119	133	144	116	104	141	128	110	132	121	148	118	123	127	126	134	127	123	130	120	112	137	112	127	128	129	130	126	140	118	168	104	129	114	120	127	132	107	132	123	146	126	124	123	133	131	116	152	125	151	138	155	140	162	142	119	137	109	123	151	121	132	126	114	159	156	119	157	130	113	135	108	153	132	131	140	154	128	133	134	127	110	120	150	128	140	149	140	119	139	127	112	145	149	128	123	100	133	116	121	118	134	140	120	132	131	133	140	139	145	131	132	140	148	130	120	138	133	117	152	134	137	115	133	134	133	131	138	131	140	153	127	137	146	130	135	135	112	139	142	142	128	122	121	119	143	129	138	134	141	109	150	118	137	138	116	111	147	138	151	146	117	129	122	113	100
cell170	92	96	76	82	80	94	81	79	80	101	86	89	100	117	84	81	107	82	93	100	72	108	86	87	105	89	97	89	91	88	75	82	100	88	84	79	97	92	107	103	68	95	82	99	84	90	87	135	138	129	147	141	127	144	101	137	115	136	122	144	138	154	121	129	147	121	110	146	145	139	125	144	132	141	133	80	100	87	73	90	85	35	47	47	34	42	54	47	49	29	86	92	87	95	80	86	87	85	91	84	72	76	86	86	80	75	88	91	83	99	96	75	86	84	88	81	94	79	78	97	86	102	87	82	79	67	72	94	81	93	75	96	112	70	81	95	96	91	87	83	109	90	81	72	82	81	107	92	81	82	95	94	78	78	97	79	101	91	101	102	88	97	100	94	86	85	66	71	87	92	95	75	86	70	71	86	91	98	92	75	85	92	93	77	100	82	76	77	106	87	90	82	86	88	81	88	83	88	89	84	75	84	84	85	99	95	90	94	101	82	78	91	91	87	76	81	88	63	90	78	94	79	78	88	86	87	85	83	90	89	93	96	89	85	110	92	62	83	85	81	115	99	93	83	95	103	64	103	105	83	89	83	92	107	88	91	84	72	91	80	90	114	106	73	88	96	71	98	69	103	81	80	85	91	99	83	90	100	91	91	75	68	87	86	79	75	68	74	88	85	76	93	82	94	86	90	74	84	87	69	95	89	100	89	82	97	99	88	86	74	89	68	76	77	99	113	82	96	88	102	90	90	81	67	87	94	80	90	108	76	71	102	66	79	93	85	80	76	59	74	84	74	109	88	77	90	95	83	114	87	85	84	83	92	80	70	85	90	99	83	83	77	85	71	85	85	95	78	83	94	93	92	84	100	101	105	73	94	93	88	93	111	84	95	91	87	98	104	68	86	92	82	75	84	102	75	97	109	73	80	74	99	78	101	95	84	71	91	80	89	91	90	91	90	89	107	91	94	99	99	82	77	74	72	82	70	92	85	93	73	67	91	97	85	95	80	86	80	90	97	88	77	84	81	91	89	81	77	99	89	81	86	77	100	84	93	100	77	84	80	86	76	99	80	114	101	96	119	96	84	91	98	87	82	91	82	83	91	88	101	73	88	96	90	82	97	103	79	73	84	87	85	76	107	86	67	70	83
cell171	123	139	129	142	114	124	151	124	130	149	136	131	137	123	146	127	133	141	129	141	113	154	136	133	141	129	156	137	145	125	157	129	149	137	120	127	117	130	132	134	149	123	143	137	140	139	139	206	196	202	206	182	197	190	183	241	208	217	220	231	212	206	185	219	207	191	202	184	204	215	211	194	201	196	191	153	145	124	130	125	130	77	55	58	0	0	0	73	58	68	110	138	120	118	134	136	110	124	124	153	138	102	159	92	111	97	134	133	135	144	142	134	124	111	131	119	145	124	131	126	117	138	127	133	150	120	145	133	128	120	114	150	159	112	116	123	151	136	118	141	128	137	141	147	128	138	117	161	143	127	134	122	135	106	124	118	138	148	142	126	129	104	142	136	120	129	102	118	120	143	137	119	128	138	136	134	134	134	128	120	144	119	126	126	120	133	120	134	144	128	122	147	124	140	117	142	148	137	153	164	142	135	142	137	137	134	134	156	142	129	133	129	114	139	132	115	109	115	139	166	124	120	133	120	124	129	119	146	133	123	155	113	142	126	154	127	100	143	139	141	142	123	123	121	131	139	142	149	166	151	134	112	114	113	154	137	133	128	127	147	132	136	146	150	140	135	120	133	135	153	122	124	139	131	153	124	135	128	153	130	148	122	153	117	118	141	145	132	133	130	129	150	106	136	130	140	137	122	134	136	126	157	132	144	143	149	137	139	144	135	139	102	128	136	126	145	113	151	124	132	138	129	129	114	113	124	157	145	125	149	135	138	141	139	158	148	113	129	127	130	151	128	136	143	132	120	131	130	127	152	135	120	136	122	139	123	133	130	140	119	121	141	149	124	151	124	142	128	140	123	137	141	135	129	134	150	141	138	131	140	118	129	130	125	147	174	142	128	147	132	139	134	119	126	124	127	131	134	126	120	157	120	132	129	120	132	152	135	148	150	127	128	119	124	116	151	134	122	138	149	115	109	137	132	122	138	137	136	144	112	130	133	142	128	156	127	133	108	123	135	129	145	153	114	132	147	128	134	127	135	130	147	141	141	127	129	124	130	138	151	146	130	144	118	127	148	129	155	125	142	145	136	150	123	157	123	105	116	112	135	119	99	103	132	127	128	150	116	161	128	136	144	126	139	133	134	123	112
cell172	176	150	162	168	160	169	176	133	136	153	178	172	169	154	152	151	149	133	172	181	151	155	146	172	156	179	155	178	152	174	166	168	175	176	183	174	173	154	190	156	152	149	169	175	183	152	169	169	159	163	157	164	137	167	168	164	171	160	148	176	142	137	186	168	163	169	163	169	140	170	151	180	168	150	149	167	147	154	131	172	168	151	178	167	181	157	183	171	166	174	168	207	153	174	149	131	138	163	165	161	152	144	189	152	151	138	168	154	193	168	155	183	161	156	159	157	167	158	155	161	139	164	136	160	157	160	180	161	153	154	146	166	166	140	169	165	177	151	176	147	172	153	183	177	134	168	169	170	171	163	175	159	152	171	155	155	170	164	150	163	165	145	182	181	178	184	158	185	153	157	180	155	143	151	172	181	145	177	168	189	154	167	148	147	158	181	173	160	168	173	132	160	164	158	191	159	183	143	169	141	172	137	168	179	167	151	172	189	173	162	158	151	172	183	145	139	167	148	150	193	172	149	138	154	171	152	150	188	166	166	184	151	179	163	150	155	157	166	176	149	162	161	203	153	118	104	95	110	115	111	107	100	94	113	127	98	123	84	96	97	89	119	127	105	111	126	103	99	142	96	107	117	85	106	121	95	107	110	111	113	111	95	117	105	110	113	119	97	112	111	96	107	113	114	100	115	81	126	95	111	112	129	109	109	105	108	108	109	117	104	100	120	104	95	109	128	115	101	105	106	106	114	112	117	105	122	119	125	111	108	122	104	100	118	110	102	98	119	105	100	123	101	129	114	108	90	96	111	102	92	93	119	91	123	113	113	109	117	108	112	122	128	102	97	102	97	123	95	93	86	118	97	101	101	99	112	103	105	100	86	98	102	107	105	101	113	109	101	117	98	113	101	106	109	120	92	115	108	115	102	102	89	87	97	96	109	116	117	107	103	112	100	123	118	110	134	118	129	105	112	108	87	119	122	107	95	111	95	110	103	119	95	108	87	113	120	120	98	96	104	107	126	118	104	110	134	97	103	103	119	94	140	101	119	112	96	111	82	110	120	117	104	101	116	110	105	90	117	97	120	115	108	107	104	115	116	74	98	121	120	107	112	94	88	126	126	135	109	105	93	114	107	110	113	113	109	90	106
cell173	164	138	137	123	144	127	140	121	153	138	136	125	134	134	143	140	105	133	171	126	142	147	148	141	131	140	141	174	138	170	125	146	152	144	116	136	160	134	144	135	131	151	115	120	145	166	126	142	151	115	130	128	136	125	135	156	142	144	130	146	163	137	146	135	148	126	128	136	134	174	135	143	137	150	150	141	152	132	131	152	127	148	131	163	125	145	162	128	126	127	149	154	118	123	131	118	145	125	127	152	141	130	146	122	149	133	161	138	149	144	149	154	125	133	154	147	141	129	115	142	135	147	142	139	162	140	118	154	138	151	129	147	154	151	132	151	158	140	140	144	144	146	142	122	118	141	150	154	130	122	166	123	129	135	131	133	151	143	149	142	125	121	142	158	121	176	124	131	126	134	150	122	111	145	152	150	145	136	136	159	150	138	139	138	134	169	131	146	144	133	145	136	138	140	150	125	161	152	130	154	140	134	132	144	128	134	153	125	136	129	132	146	164	133	141	112	145	134	130	140	149	114	109	132	149	153	150	146	142	119	138	114	130	127	118	148	109	146	158	124	139	152	144	137	81	102	79	102	88	91	78	94	111	80	94	91	104	95	90	84	108	86	91	77	98	85	93	98	84	99	88	92	97	95	98	98	75	88	81	103	88	75	97	91	111	95	90	90	85	88	93	100	92	85	91	77	88	103	81	92	83	108	92	104	117	85	109	80	80	90	95	95	95	87	88	101	66	91	95	87	90	90	98	95	87	84	102	89	86	84	94	87	93	101	76	81	82	79	78	72	100	68	89	84	82	86	86	101	85	95	96	94	95	89	93	102	82	101	91	98	85	85	92	97	99	100	105	92	112	95	90	89	93	85	106	105	98	98	101	95	80	102	94	88	86	111	88	96	84	88	95	85	95	74	90	79	93	100	87	96	94	73	79	77	97	94	87	76	97	100	111	84	81	75	88	98	107	95	90	86	86	100	90	87	87	89	101	79	79	82	83	104	83	98	80	87	96	78	88	104	101	118	87	74	86	105	97	88	101	110	85	77	107	105	77	90	98	84	92	101	96	87	89	78	79	111	97	99	98	95	96	81	98	93	84	101	90	88	108	92	84	88	94	109	101	92	93	76	91	108	88	89	88	76	85	95	64	81
cell174	150	144	163	165	140	157	161	170	166	153	176	191	153	158	179	149	139	163	162	150	137	170	147	183	160	158	160	161	162	159	166	169	177	148	171	169	149	181	154	153	168	148	157	185	172	142	152	173	175	167	133	150	133	163	177	161	183	175	147	178	157	162	155	166	150	164	169	147	147	155	149	153	166	175	164	137	158	159	155	172	159	161	156	178	156	167	167	144	190	175	173	155	148	141	182	148	156	162	174	148	165	114	130	128	130	142	157	157	149	163	166	179	158	149	157	161	193	153	146	172	133	182	173	168	160	143	147	153	163	160	149	169	155	150	162	147	187	148	150	163	178	164	169	174	155	153	132	160	167	173	178	145	135	155	175	154	148	179	169	185	171	172	159	157	175	172	132	162	163	153	171	140	153	171	155	166	153	175	161	173	167	165	149	144	157	184	165	185	176	157	149	162	131	161	176	167	184	172	139	156	154	150	155	155	157	156	146	159	173	144	167	130	170	145	160	166	176	140	157	177	162	147	143	141	163	158	163	171	139	166	175	164	156	165	145	160	154	152	176	179	183	156	153	148	98	120	105	116	119	118	114	97	116	93	105	92	103	126	93	116	117	121	107	111	103	115	102	113	94	119	109	112	99	87	98	124	134	100	110	89	101	100	110	93	103	100	105	105	116	80	104	120	95	88	92	99	101	94	115	106	112	118	87	126	127	105	133	112	95	109	103	108	104	111	121	132	92	106	94	102	105	113	116	84	94	107	118	99	117	102	111	103	103	102	110	115	103	116	89	88	107	102	103	97	102	113	103	114	99	97	106	112	105	106	122	104	79	117	126	120	120	105	105	103	106	115	93	110	112	124	110	106	130	89	110	135	107	125	99	99	87	101	105	113	112	118	109	94	98	115	117	85	104	109	108	91	106	109	93	106	109	100	87	105	106	100	99	93	97	109	104	89	83	91	98	97	103	113	119	112	96	98	98	101	117	93	88	108	112	98	128	103	107	116	96	101	123	99	124	104	112	122	109	105	100	130	108	127	112	125	107	128	84	117	103	86	105	87	108	118	121	85	98	105	117	133	107	105	113	98	110	114	102	110	101	98	103	94	98	130	96	121	95	107	120	103	99	86	89	102	102	118	101	102	114	101	94	93
cell175	259	252	231	245	204	213	262	219	263	209	274	238	263	265	260	244	224	261	251	248	216	242	244	260	262	259	250	236	263	253	249	287	283	251	250	278	257	260	321	277	270	243	264	259	265	268	256	266	258	238	219	246	258	254	273	296	244	268	254	273	260	242	256	284	262	262	245	247	264	238	284	262	267	270	230	267	228	245	241	279	235	266	235	264	281	249	307	259	282	244	251	248	246	236	261	249	249	236	254	245	259	254	292	228	226	222	249	276	234	240	258	262	257	227	250	269	313	262	212	242	224	247	266	269	254	275	247	300	259	292	252	260	247	247	265	250	287	242	247	258	271	241	257	272	242	271	283	304	229	290	278	225	268	261	230	269	253	269	263	269	255	236	268	246	267	251	228	264	290	239	244	255	228	260	273	267	281	249	282	280	267	233	250	240	232	259	242	282	264	236	244	249	245	266	289	220	258	271	217	270	252	275	244	265	270	263	293	290	296	261	298	253	299	281	266	232	264	253	248	260	243	255	247	272	247	277	270	257	229	277	284	289	282	264	271	249	237	261	281	240	268	290	268	271	165	178	158	181	211	168	174	165	176	168	188	181	144	179	174	191	180	180	199	158	173	173	151	198	176	159	148	185	157	189	206	166	192	167	174	158	177	148	190	161	173	167	165	171	170	176	140	175	169	172	170	184	169	181	188	168	170	164	170	175	171	166	187	176	177	166	200	159	181	160	168	187	134	195	159	167	161	178	182	154	158	151	178	157	171	175	156	185	181	175	173	170	168	154	170	156	207	142	182	178	170	172	179	162	167	192	182	135	153	151	174	164	178	164	141	180	180	171	173	168	194	173	191	169	164	156	178	158	186	155	184	168	184	179	156	176	158	194	157	192	183	208	159	174	162	153	175	185	164	163	165	188	168	184	154	174	164	136	184	168	165	172	184	173	167	176	194	168	172	164	155	180	181	172	189	195	171	160	143	181	185	164	186	178	152	185	147	182	156	178	168	168	178	164	162	180	175	186	170	174	161	190	190	183	167	176	159	178	184	175	159	188	178	143	175	180	167	154	198	158	149	182	187	183	204	164	185	195	154	176	159	188	146	159	164	156	166	165	152	175	174	191	179	165	158	180	174	173	182	167	167	152	133	128
cell176	184	155	150	185	194	166	174	182	189	165	169	167	197	173	183	147	158	183	192	170	158	167	183	176	180	158	205	186	183	193	187	170	189	173	164	165	172	165	198	185	184	154	181	171	171	161	173	264	245	249	246	270	259	257	259	293	272	261	273	298	299	247	289	276	258	287	300	291	253	265	252	277	302	258	261	196	160	180	165	210	151	84	97	98	0	0	0	66	89	92	167	196	136	177	155	162	169	171	152	187	169	172	173	143	181	167	178	188	163	170	210	170	191	170	179	147	178	177	174	201	157	167	167	193	176	206	159	190	179	153	168	177	194	180	196	193	198	173	178	185	182	185	155	177	184	201	184	204	148	194	174	164	142	161	193	164	174	212	167	173	163	182	192	177	171	183	178	177	156	171	178	142	183	182	172	190	177	155	162	188	158	149	171	169	159	199	168	180	178	168	143	170	163	186	174	207	204	183	183	169	164	151	198	169	188	167	200	165	217	188	174	186	193	185	174	175	162	141	182	175	167	180	178	161	148	167	192	159	171	156	218	149	177	173	186	155	166	200	203	175	223	217	186	172	161	167	156	210	193	195	172	171	173	176	185	168	168	167	154	197	165	188	182	163	204	165	149	212	193	172	172	176	168	176	180	158	177	179	199	186	184	182	195	177	165	153	186	156	192	176	180	155	172	185	183	194	191	186	170	172	155	159	149	207	174	188	177	170	183	161	202	170	155	151	197	202	141	193	150	192	172	190	160	149	166	178	204	183	157	146	183	197	156	154	166	180	160	172	177	168	190	183	190	187	165	174	178	157	190	173	186	162	187	168	194	173	174	155	184	188	171	156	194	171	173	170	210	181	179	166	200	190	199	173	163	206	174	167	160	167	164	219	180	188	167	197	189	183	175	164	186	173	158	175	167	173	163	200	194	164	181	152	164	182	159	173	176	163	180	174	197	172	176	167	158	208	194	169	181	190	168	193	173	175	184	134	177	179	185	169	198	168	193	172	182	175	177	152	207	171	216	220	173	189	158	172	186	170	194	167	177	198	181	189	160	178	183	151	173	190	180	168	190	178	207	191	200	189	178	184	206	178	177	174	190	169	164	187	164	161	148	148	160	201	176	164	189	172	156	159	198	193	170	196	206	170	162	177
cell177	109	139	167	144	127	119	187	140	159	148	145	150	153	145	148	140	145	129	145	129	136	144	138	157	134	166	158	154	168	141	142	157	181	124	139	150	141	142	156	161	136	165	129	158	145	134	148	153	142	131	143	110	160	143	161	160	146	161	165	159	157	167	151	143	157	145	139	139	144	143	152	167	156	159	138	153	156	126	124	145	140	128	146	139	158	136	190	140	142	146	172	155	138	134	126	135	152	150	147	148	164	127	161	137	137	116	152	164	134	150	167	145	157	133	157	137	143	131	123	149	132	145	135	149	161	169	139	174	156	146	160	164	148	140	155	148	172	132	159	153	148	150	157	151	145	148	152	155	133	149	151	150	165	160	120	128	149	160	139	139	178	129	183	170	140	153	139	156	169	145	157	147	123	152	146	149	151	144	138	165	169	143	130	138	142	161	143	157	154	152	144	155	130	145	146	145	146	139	144	159	140	145	142	149	142	157	154	141	155	131	155	186	162	134	145	132	145	148	135	146	131	138	142	129	144	148	148	151	159	133	132	162	165	153	155	157	148	139	155	146	163	184	170	138	95	103	100	94	107	89	97	73	81	94	124	91	113	84	96	102	81	97	95	98	88	105	84	102	110	97	96	89	101	100	108	89	108	94	95	95	81	85	101	90	95	98	90	91	107	72	100	108	113	93	101	119	91	103	102	79	91	78	96	113	107	89	123	81	96	105	101	95	85	106	108	107	83	91	85	97	107	84	84	67	86	88	94	92	109	95	107	98	101	99	96	95	89	96	88	81	87	98	98	97	91	125	120	102	99	92	97	93	89	112	118	99	79	101	109	65	88	87	92	93	99	98	127	109	124	91	95	92	77	91	91	117	102	105	99	88	101	113	102	117	112	115	104	115	84	122	94	89	92	101	94	97	91	79	82	88	102	81	96	89	84	101	87	115	102	90	117	95	88	86	98	105	114	102	106	95	110	89	100	106	105	94	101	90	87	86	83	98	96	105	95	106	98	109	112	110	105	100	83	89	111	103	110	94	101	82	87	92	88	114	102	97	87	92	95	101	98	94	106	110	93	114	103	134	87	80	71	103	100	86	85	87	85	89	91	99	84	109	85	97	106	86	114	109	88	96	88	103	82	101	87	101	106	105
cell178	171	148	167	160	115	157	160	159	137	145	125	126	182	160	147	161	143	146	161	140	132	152	155	147	150	137	137	153	148	161	143	128	142	149	124	147	140	157	168	151	174	169	139	137	130	143	154	153	162	156	141	141	138	137	152	148	154	153	148	148	169	137	163	178	130	152	137	150	135	145	160	143	133	149	132	136	164	157	136	153	151	162	133	155	155	177	190	153	162	154	146	161	147	157	171	141	137	156	149	150	161	142	152	156	157	124	182	169	125	145	157	136	161	143	118	143	160	124	153	149	126	161	145	150	153	145	128	161	164	167	143	164	160	137	173	152	165	144	155	134	171	164	165	159	162	159	162	157	130	147	155	160	143	143	171	135	141	164	149	161	173	158	148	149	148	184	143	164	158	182	151	152	154	147	181	165	133	153	138	181	138	142	140	126	150	168	154	129	130	147	149	158	151	144	180	141	156	142	137	138	161	157	152	154	137	143	152	190	150	174	160	163	156	134	146	113	143	123	147	146	151	165	150	149	145	142	158	150	150	157	165	171	163	166	138	125	136	170	165	127	143	143	156	143	105	120	120	116	109	99	107	93	100	99	102	98	89	92	102	95	103	94	113	96	108	94	93	92	110	93	79	82	86	105	112	96	92	97	97	87	96	97	112	86	89	99	109	100	100	102	113	97	122	109	98	93	95	92	89	98	92	96	106	102	103	110	107	97	91	101	102	76	102	89	116	118	114	91	77	97	113	98	108	95	78	111	88	108	106	107	119	107	91	115	105	93	87	104	102	75	134	108	103	101	96	100	106	97	100	97	109	98	100	88	101	118	97	97	107	106	103	109	90	101	94	99	98	102	90	78	102	105	92	100	96	108	109	86	103	91	105	89	102	108	83	109	96	105	80	109	108	88	73	108	106	103	96	98	82	93	113	96	111	79	86	98	109	106	97	106	102	119	91	111	101	107	97	89	104	127	100	103	97	103	102	97	115	90	95	104	82	101	100	86	105	82	102	105	107	107	114	103	108	90	106	121	109	108	92	97	81	115	97	89	110	93	88	90	88	122	106	79	92	90	110	104	99	115	94	103	117	100	99	93	95	102	112	101	99	110	96	95	99	100	113	96	100	74	99	118	104	110	107	93	93	90	91	99
cell179	195	206	192	177	171	180	202	199	196	183	176	195	208	192	228	188	176	167	203	217	190	199	208	202	195	188	206	189	237	193	211	192	210	220	173	213	181	207	227	209	169	212	189	195	197	188	205	183	208	209	184	185	200	191	185	212	202	203	174	216	198	224	193	236	230	220	196	175	161	171	207	194	203	220	202	199	194	186	171	210	189	199	201	212	196	201	240	203	217	190	205	223	193	179	231	192	170	181	192	215	204	183	189	163	168	160	229	210	164	195	203	216	188	182	200	165	201	180	185	165	191	185	199	182	196	227	175	204	187	188	183	191	220	210	200	193	210	220	214	214	195	166	222	230	210	188	232	204	195	202	213	183	211	186	189	195	222	186	172	177	221	188	204	196	194	222	187	195	226	226	195	181	185	211	190	210	188	200	195	187	201	189	202	172	194	196	182	198	227	204	167	221	176	220	199	210	221	172	184	208	228	185	206	223	197	223	199	214	222	227	206	211	201	201	198	200	191	175	180	201	190	172	238	192	197	176	212	197	223	194	188	182	201	189	176	179	173	199	234	194	200	203	224	208	131	151	138	110	143	133	136	126	139	130	129	135	127	130	120	146	138	153	171	122	174	154	99	149	148	158	118	137	113	147	139	129	139	143	129	155	147	115	142	132	124	132	120	126	120	121	120	140	138	137	150	137	141	127	137	133	113	125	143	131	136	134	149	114	119	142	133	125	120	112	144	143	138	125	115	140	142	133	125	123	118	129	131	143	131	124	118	133	129	131	103	108	134	151	122	98	136	130	146	115	143	118	146	117	135	147	121	134	136	114	126	148	117	144	136	120	118	127	125	102	119	116	148	130	145	142	164	100	132	122	112	154	127	145	165	111	119	135	122	143	125	120	138	125	135	114	127	136	126	125	142	137	124	121	117	151	116	129	136	127	138	106	116	128	150	131	135	131	156	130	128	142	127	134	151	144	121	121	136	146	131	133	137	136	143	106	128	122	147	125	148	134	134	124	136	114	134	133	140	143	111	174	136	148	113	153	128	126	154	152	150	122	123	130	137	155	126	118	130	147	143	149	111	153	134	122	138	124	125	111	118	148	114	133	113	135	129	125	135	126	128	136	137	115	133	126	137	120	158	134	121	136	125	120
cell180	86	62	75	72	69	82	58	66	80	76	85	69	89	91	79	72	68	64	87	65	69	62	86	62	76	85	74	80	91	81	70	89	89	76	81	73	73	82	86	69	74	70	86	87	60	68	82	113	115	105	112	106	142	123	111	101	119	118	117	111	114	137	117	126	128	104	113	101	101	111	131	107	107	97	138	74	85	59	77	78	69	37	44	33	0	0	0	31	43	37	85	60	71	65	62	73	56	85	71	63	65	64	87	67	59	73	78	74	79	73	97	73	78	69	90	77	82	76	61	75	77	73	77	78	89	72	50	106	75	85	63	70	91	72	69	78	84	61	76	74	82	71	89	78	59	83	72	79	68	72	76	65	79	72	75	79	83	77	85	81	86	74	72	85	76	96	67	78	78	83	81	80	69	91	68	75	77	69	64	91	76	81	68	72	72	83	77	78	89	79	71	94	73	68	84	80	83	68	65	73	81	61	90	72	72	92	71	78	64	69	73	64	66	62	62	73	99	72	73	85	63	54	69	67	77	66	75	72	69	80	89	71	78	75	71	70	74	77	63	66	76	85	76	67	59	71	64	71	80	79	86	74	82	83	82	93	83	68	76	75	66	71	87	68	61	68	62	67	79	76	73	79	64	80	71	70	77	60	75	77	74	84	83	82	58	74	75	69	59	85	72	68	72	75	78	88	64	67	76	68	88	95	71	81	86	59	72	56	80	87	72	64	81	68	79	87	67	86	76	85	88	86	59	64	72	81	61	84	73	69	67	58	65	84	87	80	75	92	72	70	77	65	98	63	75	80	74	95	68	71	77	65	61	92	67	74	85	73	71	74	72	52	72	70	76	71	72	77	85	67	84	69	82	76	73	90	83	77	82	69	75	96	93	98	68	73	76	70	73	76	66	84	62	69	78	79	77	64	61	64	89	65	87	73	87	69	88	77	62	80	75	70	84	74	83	99	70	74	72	78	83	65	63	76	69	80	81	77	70	57	70	79	57	66	66	81	90	76	100	58	87	77	95	73	82	85	92	81	73	61	70	72	82	76	73	73	67	73	78	62	91	65	78	84	73	83	87	99	72	79	86	62	69	60	62	61	64	64	73	84	86	73	65	85	74	80	84	60	69	60	68	75	76	76	61	83	65	84
cell181	156	148	150	169	143	153	156	147	169	140	151	139	190	165	143	179	155	146	158	142	140	185	154	144	185	159	146	177	175	142	151	174	165	162	166	172	147	133	161	173	168	161	155	181	135	164	151	158	162	157	164	124	156	154	154	169	160	167	178	163	170	170	176	159	157	162	166	141	154	162	164	170	177	148	141	178	145	165	151	145	138	160	150	163	135	142	159	164	167	174	148	140	155	155	163	155	141	163	147	172	170	144	157	145	165	141	162	165	162	153	183	147	158	143	153	131	190	150	146	143	151	152	151	168	157	160	139	168	165	176	141	146	153	167	160	142	170	141	176	182	160	158	169	176	169	143	150	171	173	173	139	129	172	148	148	152	173	150	159	160	162	156	161	166	162	173	159	152	161	183	150	163	158	132	167	176	147	153	140	192	147	161	172	150	143	174	160	141	173	161	145	165	148	152	171	166	160	166	171	149	161	157	177	143	151	153	174	157	158	166	163	178	185	153	165	133	150	137	151	180	147	156	166	157	158	167	173	143	145	152	194	156	148	127	166	157	150	165	178	150	166	165	164	175	117	118	106	113	136	107	100	113	97	108	114	109	99	106	107	114	105	125	101	107	98	116	91	112	117	126	96	94	104	108	130	108	91	126	119	117	117	109	121	102	90	110	111	107	84	130	105	105	107	103	106	95	111	128	97	92	118	107	114	127	112	113	112	91	114	108	128	94	104	82	128	124	97	99	106	95	116	121	107	99	107	108	108	121	113	117	97	96	94	106	107	105	115	93	86	103	119	108	109	95	88	100	90	109	110	106	109	95	93	106	111	101	94	94	100	78	101	96	121	75	111	116	124	109	102	97	109	108	107	102	91	100	99	122	98	107	106	132	106	103	108	145	116	108	137	109	98	123	87	102	82	97	76	112	97	116	111	96	101	111	103	102	105	111	111	121	127	113	106	104	89	109	103	92	109	109	119	98	111	113	90	80	105	115	104	90	106	108	126	84	104	99	89	90	92	109	101	110	86	95	114	124	113	107	96	97	118	99	96	100	111	102	109	101	93	111	118	97	97	116	119	129	121	119	99	122	117	108	89	92	99	98	95	106	93	96	100	107	92	125	109	104	98	98	125	101	144	122	109	106	80	112	99	94
cell182	160	147	146	158	128	140	162	118	162	134	119	136	157	155	148	141	112	136	162	146	120	171	147	129	150	141	155	162	159	138	155	146	172	123	135	143	144	138	168	145	156	140	160	132	131	134	138	137	143	142	118	138	147	147	147	155	154	164	144	160	137	137	131	156	143	130	131	151	135	137	150	134	154	121	134	129	154	141	123	135	134	148	160	161	149	131	175	129	159	140	146	156	135	114	136	152	123	140	148	121	153	133	153	140	131	139	121	134	144	137	173	156	150	128	132	145	158	131	141	137	133	135	142	128	156	150	126	132	155	152	153	140	144	149	148	144	146	118	158	179	147	146	150	151	148	147	146	152	145	139	139	105	164	141	140	138	146	148	137	130	146	127	156	147	166	156	149	146	150	133	141	125	126	131	157	140	117	142	149	176	148	143	157	146	130	144	135	135	151	155	140	116	140	149	154	145	165	139	144	122	119	129	142	130	131	156	146	158	153	133	142	133	175	142	137	150	149	145	137	156	128	134	150	138	152	145	140	145	134	147	136	166	153	149	128	139	124	139	159	149	141	161	151	114	88	108	81	95	101	110	81	85	107	113	79	95	85	85	89	104	76	113	104	91	96	96	81	95	106	93	102	72	97	102	93	93	111	92	82	88	92	105	111	94	91	96	107	79	104	94	75	97	93	104	81	108	93	95	106	106	109	110	88	100	78	97	125	109	114	87	94	83	87	79	112	103	93	91	90	83	109	95	103	82	81	105	103	107	92	95	100	110	89	99	100	88	93	102	103	86	121	96	107	88	101	91	110	95	102	96	77	103	109	85	82	87	92	91	91	90	103	91	112	87	101	84	104	100	87	84	99	96	96	90	103	103	79	96	99	84	87	90	113	106	114	88	106	109	91	105	97	83	102	101	88	73	112	99	103	96	102	75	101	100	84	81	89	92	95	82	101	97	88	92	106	106	82	97	101	110	69	87	97	109	90	97	72	108	107	87	82	86	80	66	99	91	98	76	111	102	111	83	96	99	97	116	81	110	89	98	107	108	103	110	95	101	102	74	82	86	97	96	95	78	94	89	88	121	93	101	96	90	112	104	81	84	89	108	103	86	83	97	84	97	96	123	102	90	105	87	101	107	124	85	99	116	71	76
cell183	159	155	149	177	142	141	156	141	158	151	157	130	158	161	133	165	167	173	170	151	143	148	162	140	155	162	147	169	167	163	166	170	174	141	171	143	156	152	176	137	178	170	184	170	165	157	158	158	161	140	147	141	150	165	158	158	170	167	151	163	183	148	166	130	155	174	163	151	166	154	171	172	144	153	127	144	149	160	130	182	135	155	154	171	153	165	140	154	157	150	168	185	149	142	141	139	160	151	143	146	138	141	160	142	136	143	144	180	156	150	142	147	164	137	175	133	185	175	131	150	143	177	173	134	172	167	162	200	160	163	147	163	145	151	166	175	169	133	162	170	154	142	165	164	155	168	175	160	156	169	164	155	148	147	174	166	142	157	194	160	174	139	189	170	157	167	168	146	128	176	148	163	141	150	146	181	148	143	162	165	139	142	150	150	162	153	162	157	164	166	162	169	182	150	200	171	168	161	167	121	176	148	147	160	135	163	164	180	158	164	157	147	174	160	178	148	156	140	186	165	151	138	134	127	151	168	145	140	137	163	160	165	171	164	158	163	147	159	173	150	176	172	166	181	114	118	93	114	117	87	95	94	106	110	112	106	101	115	96	109	105	123	119	100	114	96	93	95	102	128	110	120	109	112	124	102	108	83	111	107	123	115	124	100	106	99	107	108	105	101	113	102	111	108	106	108	98	108	109	97	105	101	82	117	89	99	111	91	91	102	109	96	88	74	122	105	102	118	94	112	106	124	94	104	77	115	112	104	90	107	117	120	103	120	98	108	92	95	110	95	112	103	96	103	112	107	109	105	103	119	116	99	111	92	94	112	96	113	88	96	106	119	103	104	109	98	95	111	99	101	117	104	114	111	117	114	113	100	110	79	92	109	106	138	120	98	116	100	102	93	111	94	120	95	112	100	114	120	116	111	104	93	95	96	95	104	90	107	117	109	122	89	124	118	89	100	113	98	99	121	109	105	103	100	107	81	93	110	101	112	110	104	106	104	121	91	110	100	97	99	127	131	119	102	101	114	105	95	109	122	90	114	112	116	114	113	102	78	113	104	109	98	127	100	116	110	98	106	106	90	107	110	120	79	90	102	101	104	102	119	96	103	104	119	127	138	111	94	113	114	123	110	94	104	80	92	88	95
cell184	121	86	110	128	112	112	117	116	101	103	104	101	132	92	109	100	124	124	125	122	115	94	101	128	115	108	109	117	101	102	105	126	102	110	113	102	132	122	118	133	122	110	111	113	135	120	92	106	110	125	95	113	124	115	115	109	131	117	115	117	116	109	115	129	104	107	103	115	98	112	111	97	122	109	108	111	95	96	119	114	117	108	107	107	100	118	109	117	111	116	116	134	94	103	105	112	120	113	113	118	115	116	93	103	89	102	94	103	88	88	120	108	91	100	108	104	118	112	109	98	92	125	107	109	100	110	112	111	102	109	113	103	116	105	113	126	121	121	123	121	121	124	129	139	118	99	118	113	110	115	142	90	109	112	118	93	105	115	108	108	130	123	108	109	104	123	107	122	134	133	101	83	91	120	102	126	94	116	93	102	122	109	119	112	120	127	85	115	130	98	93	121	98	132	131	106	121	106	113	110	116	118	107	110	126	122	106	107	116	110	127	115	109	96	102	94	96	114	113	129	121	103	107	116	101	125	124	106	100	111	123	117	105	129	123	108	105	145	108	108	100	119	116	105	70	64	73	83	79	76	65	78	78	75	88	71	79	83	82	65	73	85	63	57	78	74	68	74	75	73	63	66	67	72	73	65	85	61	82	69	65	92	82	75	69	69	55	81	76	76	71	102	78	76	86	61	74	85	88	64	76	68	77	71	71	71	95	62	76	85	77	51	66	67	77	96	55	78	70	79	73	93	70	75	62	66	71	72	76	81	91	85	49	66	75	74	71	81	81	68	67	71	87	72	60	64	71	73	77	74	77	60	75	63	70	71	71	67	85	69	73	73	76	73	80	70	94	81	79	77	96	75	88	84	72	79	57	79	68	67	89	68	83	88	76	73	77	69	85	78	75	83	77	77	62	61	68	82	66	60	85	49	76	64	64	57	70	79	71	78	91	74	69	77	72	73	75	75	72	78	80	68	60	74	77	63	64	64	69	80	81	81	76	63	73	73	71	84	73	88	87	81	69	57	79	83	66	71	88	67	49	72	50	91	70	72	78	65	63	64	71	86	87	82	70	81	82	75	70	77	81	84	72	78	84	71	81	81	65	67	64	81	58	70	83	70	84	77	77	80	80	84	87	90	57	72	52	61
cell185	107	104	97	103	73	86	95	92	107	92	85	95	94	85	73	92	91	86	89	99	81	96	110	94	97	97	92	79	79	88	92	97	108	82	86	96	102	84	96	97	93	89	78	82	82	104	107	91	107	100	84	85	71	94	106	91	88	90	93	101	95	86	104	85	107	99	85	93	89	86	106	87	98	84	87	76	94	98	74	82	92	112	85	108	85	104	86	92	78	98	83	93	81	94	77	75	83	74	78	79	79	96	78	86	81	80	87	89	73	101	91	86	92	85	88	80	94	88	81	84	82	104	93	79	93	80	96	104	77	80	91	86	93	78	101	95	104	101	87	78	104	82	81	88	116	94	87	107	83	87	113	76	102	78	80	88	94	100	89	96	78	88	104	95	94	92	89	94	92	92	90	87	87	77	98	93	84	98	102	90	87	81	75	93	97	94	86	101	74	92	80	85	82	99	105	98	111	101	107	82	92	89	114	104	77	92	102	104	74	97	89	67	93	95	98	98	88	72	83	92	104	92	88	77	91	89	98	78	104	83	91	101	108	71	90	88	97	83	92	95	89	104	62	89	58	78	54	71	69	51	60	53	66	54	63	57	54	49	53	75	51	59	73	56	58	58	45	69	62	72	58	52	65	70	69	44	70	61	55	56	57	64	74	59	68	57	60	57	55	51	48	62	56	61	63	53	54	70	52	59	61	49	57	58	56	44	82	70	62	55	69	62	46	55	51	51	51	58	50	49	55	52	69	43	56	71	59	65	54	58	68	68	46	53	67	62	62	58	58	58	63	55	64	68	72	55	63	52	49	78	61	53	60	60	56	68	56	68	54	57	58	64	67	57	69	60	55	57	75	44	67	67	57	60	53	60	72	48	50	63	55	60	73	57	55	51	66	48	67	67	55	57	58	54	66	47	59	56	52	55	55	54	57	58	61	65	57	60	52	65	62	66	70	54	56	66	58	65	64	74	54	72	75	53	60	57	55	43	52	57	50	53	66	57	53	64	64	72	63	57	58	68	69	55	49	60	59	64	43	55	67	60	64	69	61	69	74	61	59	55	63	44	62	67	63	68	72	78	51	60	70	66	52	47	58	44	72	61	55	72	60	58	50	58	80	69	61	48	62	53	71	59	60	67	53	68	71	53
cell186	82	93	86	83	83	78	81	77	73	94	76	81	84	79	85	67	78	77	93	73	65	67	78	73	83	85	70	85	68	82	76	90	91	75	52	87	58	70	104	86	69	77	79	74	81	69	86	71	64	91	89	67	85	80	87	95	74	87	81	86	80	75	103	78	66	92	64	72	88	62	58	81	71	74	74	66	93	78	89	98	83	90	86	98	91	69	92	86	77	88	69	84	88	67	94	61	79	64	89	59	85	71	62	77	77	67	78	82	73	81	79	81	73	77	96	83	86	75	86	76	78	81	88	71	90	83	69	82	95	67	72	95	93	69	82	77	98	81	76	82	80	69	99	83	83	79	99	71	75	66	73	65	70	86	68	69	80	85	98	86	85	74	71	82	82	102	81	83	77	94	85	64	81	72	85	79	67	72	78	91	69	55	77	96	68	77	83	77	71	95	81	73	79	80	83	80	93	72	68	81	90	81	90	83	82	81	80	84	78	86	88	90	85	79	78	72	104	89	67	69	81	61	75	92	77	75	67	93	77	75	106	75	104	99	68	65	72	82	67	67	91	91	70	75	43	42	48	60	52	56	42	47	51	53	65	54	54	53	54	57	46	59	61	61	53	49	49	51	62	45	46	49	47	41	53	48	41	49	34	45	52	55	54	43	51	44	68	46	51	66	53	34	41	61	66	60	60	63	51	52	42	55	62	45	51	39	56	50	49	73	54	50	54	59	57	53	47	54	50	65	55	47	53	54	58	44	65	65	67	58	63	38	37	64	50	67	47	60	48	46	65	50	54	59	49	41	51	48	59	54	56	41	51	56	54	51	41	66	54	52	57	54	44	49	56	44	63	41	56	61	53	40	52	50	55	57	49	50	51	46	58	49	48	54	49	49	56	52	46	52	60	43	43	44	49	40	51	66	39	51	49	47	48	40	46	56	57	46	50	50	56	43	50	51	53	47	54	49	39	44	41	44	50	40	52	51	58	46	61	52	38	49	53	56	41	41	42	43	52	44	50	68	63	47	56	66	42	55	55	56	55	39	60	62	53	59	48	37	47	63	61	44	64	44	50	44	52	62	56	43	60	55	62	65	40	55	47	56	58	44	58	62	37	42	51	65	61	48	47	51	54	66	48	50	58	54	52	37
cell187	124	101	108	106	102	104	103	84	104	101	99	103	104	105	95	106	106	84	109	100	118	122	111	89	124	101	102	126	97	104	126	106	121	106	121	107	99	121	105	130	115	91	97	119	91	109	109	124	101	102	87	83	117	115	86	118	105	116	97	113	122	102	99	116	99	99	105	101	94	124	94	95	100	98	101	112	93	85	117	128	106	121	94	112	111	96	131	106	107	116	102	78	93	99	109	111	80	103	102	75	110	86	107	78	98	89	78	110	100	116	96	101	103	89	102	88	106	113	98	112	81	121	119	90	95	113	111	131	116	96	95	105	98	98	115	96	113	104	104	101	118	95	93	104	96	118	91	111	83	103	111	99	93	114	111	111	94	102	106	105	100	96	121	102	94	116	85	95	97	126	98	87	110	115	103	107	101	110	104	121	122	104	98	110	105	107	91	112	103	103	109	104	103	110	110	124	94	120	101	110	102	86	127	109	92	108	95	110	125	94	97	115	106	90	113	86	110	99	94	99	100	100	99	96	102	84	104	96	111	92	122	99	104	126	108	86	106	112	99	118	99	122	127	94	53	79	68	79	78	75	70	76	80	68	82	71	65	70	62	74	80	53	72	56	63	97	50	61	73	58	55	73	64	74	77	63	74	75	85	80	64	84	79	74	73	79	62	69	74	54	53	76	63	62	75	65	75	59	45	55	86	62	64	67	55	74	80	52	90	92	74	60	73	94	79	86	64	66	67	76	64	68	77	58	69	70	66	53	70	67	75	65	60	73	89	66	60	72	67	61	81	74	74	80	55	62	82	78	65	78	74	73	68	82	56	61	64	73	72	79	71	73	76	64	55	69	67	56	64	67	67	64	67	51	76	78	66	62	56	75	72	82	60	78	66	78	58	76	74	70	68	82	62	56	54	58	68	61	60	59	66	63	78	63	77	62	76	57	73	77	74	60	63	59	65	74	88	69	74	66	85	83	78	74	80	67	69	81	67	69	60	56	67	69	48	60	66	57	76	73	74	75	64	64	84	78	81	80	83	68	66	69	61	73	64	78	74	71	74	91	64	72	93	74	62	73	71	59	72	87	81	73	57	66	59	68	60	71	78	65	72	75	63	78	81	82	85	52	68	68	68	78	69	63	72	55	72	63
cell188	122	138	143	120	137	119	152	125	139	131	111	137	124	142	127	127	118	120	125	120	115	150	143	110	118	138	133	141	149	120	128	129	135	124	129	137	126	142	128	138	134	119	130	115	128	137	111	138	131	140	124	123	124	140	145	144	116	141	137	145	134	133	126	115	129	126	130	118	117	129	144	134	116	105	112	149	115	122	116	131	126	138	125	153	133	127	139	117	134	121	91	128	138	116	131	125	108	117	144	127	138	119	137	111	121	113	135	124	124	135	116	116	118	107	116	139	132	113	106	153	112	119	120	102	119	135	128	120	119	137	138	132	155	109	127	113	142	127	141	103	134	123	133	130	115	124	132	132	126	131	132	125	118	124	118	101	144	110	136	143	114	117	165	148	123	134	109	120	116	133	134	136	112	137	144	120	132	134	160	147	124	111	125	130	128	115	108	113	127	129	107	132	134	127	135	135	142	115	130	118	127	120	117	119	136	132	152	129	137	140	131	121	114	115	122	119	111	103	130	130	144	110	120	124	121	132	125	121	143	126	140	124	133	135	137	121	134	113	148	123	117	142	134	123	74	85	79	86	99	80	63	94	76	82	82	85	89	75	76	81	92	86	82	83	94	87	66	98	90	88	76	84	86	76	116	104	87	97	99	81	100	84	83	74	79	90	68	97	81	78	79	100	74	89	69	82	85	88	97	76	69	84	97	94	80	99	113	74	84	93	80	75	90	74	93	92	75	97	83	77	102	94	92	65	71	84	97	78	92	70	88	77	65	108	95	98	70	90	92	71	91	84	93	77	79	81	97	89	86	85	80	78	82	85	78	90	76	77	61	83	78	73	76	76	89	93	88	89	86	82	106	70	96	65	88	89	76	78	77	81	72	105	91	90	87	75	86	95	84	82	99	68	85	94	79	72	94	85	73	89	86	80	77	59	78	82	83	86	78	69	128	67	76	89	75	75	78	91	98	90	69	59	85	84	80	63	86	94	72	82	68	71	80	90	84	81	84	80	94	75	97	90	91	81	98	92	92	88	72	85	60	83	81	77	77	83	78	81	78	92	80	96	92	105	95	93	100	88	78	77	87	83	80	74	95	93	75	83	66	100	82	101	71	82	96	95	77	75	82	84	94	86	75	81	66	79	77	78
cell189	116	129	160	118	119	115	119	144	119	128	121	121	132	136	128	117	121	125	122	135	124	133	149	140	145	127	135	130	149	152	112	138	145	135	135	145	130	142	145	136	163	145	126	146	144	116	130	130	123	149	138	118	127	136	134	135	121	147	145	168	146	161	134	134	109	136	148	132	129	134	149	135	140	125	135	127	134	150	104	115	135	134	120	132	127	116	135	149	136	127	130	149	123	129	132	116	112	123	131	148	133	116	124	116	129	134	144	141	114	136	123	121	137	128	139	127	111	143	117	135	127	133	122	148	137	113	128	144	127	135	115	159	149	103	120	119	117	121	129	136	124	133	121	137	146	119	140	141	114	128	117	119	127	127	130	132	129	127	117	140	161	144	142	154	110	141	133	148	147	148	112	133	134	151	131	131	131	132	135	162	136	139	136	142	115	147	116	146	137	132	121	121	132	131	144	133	157	137	130	119	147	119	126	144	120	129	143	138	142	131	130	135	122	120	131	121	119	125	112	129	123	122	123	129	132	146	140	112	115	121	159	144	154	110	143	119	117	125	128	126	149	135	145	126	73	86	81	87	97	72	80	93	79	96	95	104	98	82	88	75	88	105	95	70	85	98	79	83	87	73	94	75	67	95	93	87	78	77	81	85	105	90	89	78	89	76	78	89	83	73	79	87	96	100	88	95	86	100	94	89	89	101	100	103	91	91	86	72	86	86	108	95	87	81	89	92	87	96	101	97	77	76	102	80	73	83	83	81	90	95	78	104	78	99	103	98	98	97	91	66	102	86	93	83	79	86	100	82	81	87	87	89	101	92	66	87	89	106	83	70	91	94	72	81	87	97	84	97	89	85	88	81	84	83	86	98	74	76	79	87	85	103	101	91	82	88	104	98	91	97	83	105	95	66	65	85	84	87	97	84	90	85	66	80	84	86	73	93	96	117	103	85	93	87	75	120	83	97	81	115	84	88	80	80	81	94	91	80	89	80	85	96	79	92	98	91	77	97	78	98	94	97	93	86	77	89	72	92	92	86	90	97	83	102	84	77	87	82	87	88	89	100	95	94	98	86	95	97	82	82	88	111	100	91	65	81	75	76	94	92	87	88	68	111	79	81	99	87	86	87	96	103	71	83	87	93	69	95
cell190	265	237	253	232	254	260	256	234	293	249	240	243	266	262	246	230	233	266	258	273	243	287	256	242	227	249	249	276	246	252	230	243	273	300	251	247	262	245	290	277	267	273	241	240	283	276	265	261	262	239	251	229	247	250	251	242	276	252	267	347	297	254	283	310	252	230	276	260	241	254	268	261	246	272	244	247	289	268	256	303	246	240	254	244	248	235	324	245	249	285	249	287	224	247	242	248	228	249	238	249	262	254	288	216	221	238	252	250	235	245	246	268	230	234	266	275	262	231	237	250	223	242	249	220	265	260	243	274	256	230	239	238	286	226	278	271	257	270	226	273	251	249	273	268	263	252	263	298	263	247	248	248	220	266	240	258	233	270	256	269	272	251	265	267	256	287	240	232	250	247	226	254	210	255	233	255	244	269	246	267	249	269	236	242	270	270	243	261	243	276	245	290	240	253	252	247	278	256	239	249	245	231	287	261	249	257	266	268	267	286	245	260	275	240	243	232	233	237	252	266	244	224	224	250	272	261	261	237	235	276	261	275	257	259	213	260	224	260	248	234	279	294	268	228	165	189	176	155	197	177	174	164	173	176	169	168	149	163	157	177	146	189	168	157	199	159	174	180	168	213	192	162	184	153	186	179	176	157	186	186	144	178	173	152	169	157	170	155	171	175	161	142	152	175	190	177	174	186	174	153	177	176	174	188	173	161	186	164	173	151	180	146	170	159	158	216	149	169	158	176	169	165	166	130	166	152	168	173	166	165	158	192	161	180	185	173	157	135	177	143	174	170	188	177	169	182	192	173	159	152	173	156	192	167	186	195	162	202	165	170	143	186	173	136	188	168	164	162	174	167	197	158	175	178	164	174	188	148	175	135	164	187	161	194	186	161	192	163	177	161	150	157	174	163	182	170	177	185	155	163	169	157	181	177	148	161	156	180	176	179	194	187	198	154	158	196	187	183	158	180	156	182	169	152	169	145	175	156	189	159	151	172	174	158	163	158	161	162	181	178	174	186	199	140	159	186	171	169	182	167	160	180	192	172	169	170	184	158	159	172	195	151	184	192	137	199	161	177	186	174	186	172	174	166	188	185	149	144	158	180	160	158	167	172	172	166	192	172	168	186	164	193	167	185	164	159	150	155
cell191	146	131	140	118	117	126	141	132	128	118	135	129	141	118	118	130	110	134	127	126	109	149	129	139	154	116	130	165	134	132	135	125	121	144	133	111	125	145	145	131	143	154	123	146	149	123	132	215	189	198	180	182	239	187	209	241	217	211	191	198	203	173	207	230	186	196	188	220	190	219	222	179	188	195	189	126	123	109	130	127	119	51	65	70	0	0	0	57	64	71	135	144	132	137	128	114	123	135	129	108	127	109	136	130	117	99	124	125	103	142	137	121	139	115	132	129	141	119	105	129	126	136	138	118	142	139	126	138	153	121	126	164	129	136	146	116	123	129	140	128	141	143	132	119	125	118	142	137	126	145	151	116	123	125	111	120	128	146	155	141	143	124	152	132	124	139	122	135	128	134	125	131	112	120	110	134	113	120	122	118	113	120	126	152	148	145	129	133	149	123	116	120	122	129	136	129	128	131	119	119	115	113	136	113	126	137	127	143	142	139	144	155	140	145	125	123	126	110	114	132	140	117	119	121	118	113	133	123	124	124	145	149	136	127	140	146	130	143	131	127	146	144	152	131	127	123	135	132	141	137	118	122	124	160	143	154	140	145	141	138	135	143	121	146	138	140	124	137	126	135	143	108	133	156	135	129	130	142	159	132	133	123	125	120	130	131	132	143	133	133	131	157	130	135	141	132	117	136	138	129	118	158	138	139	123	142	167	120	128	143	151	138	125	110	137	120	133	154	151	127	123	153	136	105	124	134	141	131	136	148	118	134	134	130	124	126	129	134	131	109	142	136	139	128	141	121	125	135	113	123	108	124	137	133	126	117	113	145	123	133	125	134	157	102	122	140	131	122	154	136	114	103	140	126	136	135	124	116	152	134	113	137	143	156	147	156	143	143	141	124	125	162	125	133	116	130	151	141	127	149	124	120	122	121	131	126	138	122	123	120	136	120	111	115	136	144	115	122	150	127	132	137	149	139	133	139	125	118	148	133	133	111	143	124	169	122	114	127	100	129	156	141	150	133	135	147	130	126	137	125	107	138	135	128	131	122	123	142	139	150	151	108	146	122	143	159	149	146	125	131	152	130	130	131	124	121	128	140	126	137	129	121	104	143	149	149	129	130	142	110	158	145	146	139	120	132	114	108
cell192	117	108	110	109	94	85	116	102	109	98	98	92	119	120	102	93	77	118	128	118	111	97	87	106	122	127	105	112	119	106	102	111	119	113	116	100	113	114	134	89	114	101	113	117	118	107	98	105	109	92	95	95	114	106	109	114	94	112	100	129	109	108	109	105	113	114	100	117	115	112	118	132	134	109	110	101	91	116	116	105	117	111	113	126	117	102	116	89	100	93	86	128	110	89	114	106	87	103	104	106	112	109	98	93	87	105	102	129	90	93	118	104	99	97	102	105	108	114	110	118	95	117	92	113	125	135	98	119	94	106	111	123	123	92	107	111	118	96	101	122	109	94	118	115	112	119	126	121	110	129	115	107	88	121	119	106	94	117	113	104	121	96	118	106	109	134	106	114	111	123	101	91	83	110	120	127	110	121	116	124	117	102	115	98	128	107	108	122	109	97	98	108	105	114	94	121	133	98	104	89	108	111	121	111	97	105	126	142	106	113	119	126	100	91	120	94	113	99	93	93	113	96	109	109	110	97	122	100	101	114	115	116	120	102	103	77	117	93	94	103	122	119	122	100	62	63	75	78	79	77	60	56	76	74	87	65	80	78	72	66	82	47	87	46	64	82	69	80	72	89	71	68	57	75	81	69	73	71	59	75	65	66	77	76	60	53	72	66	71	57	75	87	75	72	78	89	74	66	71	79	83	60	88	81	49	58	65	61	89	79	84	63	68	67	63	82	81	71	69	73	59	83	93	74	72	71	76	72	69	72	74	69	64	72	67	64	76	66	57	64	75	71	72	76	78	86	72	75	76	80	71	68	54	63	61	84	63	68	77	61	80	72	69	73	70	71	67	77	65	63	85	71	76	83	66	98	73	92	59	68	66	76	68	75	71	63	89	76	73	75	67	71	69	84	50	72	70	71	59	75	74	53	73	62	72	69	74	77	68	78	90	63	67	62	72	87	65	71	70	71	92	53	69	77	66	77	87	82	74	78	64	68	66	64	69	56	66	73	61	59	80	77	63	66	71	68	77	69	80	77	66	74	73	81	77	59	69	58	75	77	81	66	69	64	74	82	61	87	74	85	71	72	73	78	69	67	69	69	60	75	52	69	66	78	78	81	56	74	66	59	70	88	70	76	68	82	72	61
cell193	147	184	158	152	159	148	180	157	137	138	151	163	166	187	152	156	148	140	170	131	133	164	153	154	167	161	172	166	168	160	160	175	180	128	155	146	146	177	170	180	159	157	177	153	157	158	143	153	177	140	149	174	172	182	148	184	164	181	166	173	155	160	164	158	161	189	155	155	142	158	147	160	175	162	154	147	166	151	136	174	146	176	139	180	143	170	177	164	168	163	162	165	173	162	178	156	132	154	144	147	165	135	149	145	167	144	157	157	159	163	145	150	159	151	162	142	178	158	149	156	133	168	163	159	184	196	134	169	165	172	156	170	177	156	167	151	192	136	153	158	147	164	165	142	160	139	153	181	150	165	195	137	145	172	170	164	164	175	152	152	157	137	195	156	176	142	145	137	159	163	159	158	157	150	152	174	138	155	154	177	179	174	165	175	155	149	138	151	156	163	147	167	158	165	177	157	160	163	141	155	141	146	148	161	157	146	158	182	153	151	165	146	171	144	156	163	168	141	163	178	155	159	151	146	133	146	182	153	189	159	179	147	174	152	170	152	137	156	144	154	159	170	168	146	88	102	102	123	118	86	111	100	114	101	97	121	101	93	101	122	109	109	113	98	116	108	90	134	105	133	109	90	105	111	127	113	107	87	124	102	107	101	116	103	104	123	113	114	116	100	101	116	96	100	119	97	102	106	110	98	102	129	90	107	99	126	130	106	108	100	100	100	98	101	119	105	97	121	100	99	107	116	112	89	98	81	115	109	102	114	107	98	80	107	136	120	106	116	98	92	117	85	120	95	106	102	124	107	111	116	89	107	112	109	95	101	104	106	100	107	103	88	116	102	117	98	105	108	102	87	100	131	107	114	107	114	114	97	91	104	108	90	100	107	111	115	104	121	99	99	118	88	98	114	97	114	126	115	100	91	112	92	108	109	103	92	103	113	115	118	107	94	120	92	101	122	105	120	122	112	114	103	94	99	115	85	111	106	103	120	90	108	106	113	103	98	103	98	112	111	105	113	98	132	106	109	102	99	100	104	98	127	131	133	100	96	100	104	121	107	116	101	104	97	104	127	121	112	90	111	106	119	89	110	101	100	102	105	112	105	88	101	103	98	109	110	119	95	100	106	116	100	110	92	101	117	91	97
cell194	149	132	106	134	106	138	124	125	140	123	121	116	125	114	116	93	132	118	129	128	126	140	121	127	122	140	138	116	134	120	116	146	157	128	113	137	112	143	125	123	112	135	125	153	133	123	114	136	119	105	124	125	144	124	98	146	137	150	128	128	127	134	156	140	109	122	96	128	132	135	137	125	154	120	136	115	127	139	107	112	106	133	135	137	135	123	127	129	133	137	123	145	141	117	128	131	104	140	125	122	131	122	153	102	125	96	120	142	138	121	123	125	129	101	125	123	145	130	116	118	103	124	117	119	118	137	119	132	130	133	119	129	144	109	120	139	149	117	120	125	117	124	131	104	131	126	123	154	113	126	131	95	109	129	124	144	141	140	144	137	136	124	137	119	120	162	120	122	137	118	126	130	127	127	144	148	118	126	136	131	135	124	136	104	134	125	126	117	132	114	117	121	135	128	117	129	119	128	105	123	132	93	133	121	134	146	127	132	142	142	134	133	129	124	131	125	110	123	128	131	125	112	103	131	130	134	147	118	146	126	135	118	132	141	126	110	114	107	140	126	142	153	135	111	79	98	96	100	89	91	85	66	86	80	90	73	89	84	92	92	78	103	98	70	106	95	73	90	83	100	83	86	86	92	88	88	77	86	92	71	91	70	76	69	87	88	69	89	72	90	77	85	87	82	79	110	86	83	90	76	84	88	80	85	75	92	108	78	98	95	82	99	79	72	108	102	77	82	94	85	77	81	88	83	71	88	86	83	100	92	96	89	69	87	91	73	74	77	81	58	72	85	96	91	79	90	81	87	75	95	80	75	87	98	94	91	65	73	72	72	85	100	80	90	89	88	85	93	95	78	80	88	93	80	72	73	96	81	87	86	86	103	80	94	83	97	77	87	73	84	100	91	86	95	82	84	72	76	57	90	92	89	77	82	79	59	83	93	93	77	76	96	92	71	85	94	88	80	88	116	86	66	71	100	91	88	80	88	85	96	75	92	88	89	70	68	92	91	78	75	96	90	72	82	89	90	87	87	99	81	79	84	92	82	78	80	93	69	88	91	95	82	106	105	85	86	80	107	81	84	81	94	81	89	70	74	73	88	92	85	66	75	79	85	90	87	90	69	102	109	85	83	89	91	79	76	79	89
cell195	67	86	87	103	83	79	100	81	96	87	75	92	95	86	97	83	76	87	111	80	74	118	82	98	116	67	87	111	79	109	84	89	71	98	84	84	100	91	91	87	102	71	81	93	76	84	104	137	130	139	115	138	133	145	130	153	115	140	126	155	147	138	133	148	131	132	131	138	122	129	132	142	115	136	165	88	92	94	86	90	74	42	54	51	0	0	0	51	46	51	78	87	89	68	86	79	63	77	83	99	92	106	92	71	84	83	91	83	79	90	99	88	79	77	98	91	77	78	77	88	91	80	71	103	82	85	74	99	75	90	72	92	88	78	88	97	98	77	77	104	89	81	71	74	80	81	80	106	98	93	103	83	96	104	81	83	92	91	81	94	93	59	93	99	92	110	78	92	93	84	100	67	75	79	100	115	97	92	83	106	99	74	81	100	103	103	76	79	83	93	86	85	76	86	90	90	91	65	80	91	82	91	103	89	81	88	91	93	82	85	91	111	97	87	81	90	86	99	99	126	89	75	105	84	89	82	76	79	88	96	99	98	79	94	80	76	84	83	94	76	104	95	97	87	82	92	81	97	91	101	80	86	111	101	91	97	85	100	83	103	89	79	107	77	110	96	85	90	99	90	95	74	118	75	103	86	99	97	81	102	90	96	89	80	95	79	88	88	81	84	70	77	101	89	75	96	120	101	97	79	83	93	93	106	91	105	95	103	95	96	97	66	97	79	104	112	75	102	103	95	94	87	89	76	87	94	81	85	87	66	86	78	81	107	78	89	72	80	92	72	99	85	83	89	84	88	82	77	80	93	96	88	93	97	90	94	89	92	86	83	79	101	90	74	86	93	76	81	92	78	88	86	94	91	95	86	86	79	85	80	74	98	84	90	96	100	83	97	91	65	88	92	87	99	86	100	82	91	85	87	78	77	87	81	82	81	93	85	77	84	109	102	80	86	88	79	86	97	94	87	98	89	92	80	92	80	99	91	93	73	91	96	98	69	84	92	73	81	91	85	114	102	75	75	83	92	98	79	89	111	78	84	86	96	105	83	101	76	82	84	90	87	92	83	101	81	90	92	88	89	99	86	76	94	99	92	92	81	73	78	81	85	75	82	88	88	93	77	90	84	109	94	102	91	97	97	85	98
cell196	161	136	152	145	137	161	144	158	154	139	131	151	145	147	147	127	139	143	147	146	145	159	133	164	163	134	149	142	157	156	143	157	176	152	167	148	153	174	161	159	168	138	166	148	145	135	152	160	155	137	129	130	149	162	153	155	146	180	156	167	149	156	156	181	145	141	155	167	151	167	150	159	161	136	151	141	161	166	153	151	145	134	160	152	122	162	169	137	156	173	151	148	126	141	156	153	154	155	138	137	171	138	166	159	144	134	142	168	136	158	149	152	145	137	129	159	137	155	143	152	148	144	153	142	169	172	115	157	158	133	165	168	164	139	166	149	163	132	168	166	157	163	162	132	153	161	144	171	160	137	172	158	135	135	124	160	165	149	170	151	164	138	148	151	168	171	128	144	156	161	140	145	157	140	161	172	146	149	140	171	153	131	144	156	173	155	149	157	168	144	125	133	143	153	154	148	191	134	150	165	147	166	151	151	147	173	154	172	154	159	156	158	144	156	153	121	145	140	144	155	140	138	161	149	164	141	148	146	158	150	150	166	168	139	137	160	155	151	141	160	153	156	164	156	102	109	90	96	114	128	85	89	114	106	134	110	107	97	96	119	103	109	103	86	98	87	102	113	103	106	93	101	98	105	110	78	102	111	102	109	104	94	96	102	84	94	107	99	111	111	97	104	92	84	102	92	106	111	112	97	108	95	96	88	82	106	113	89	108	97	86	89	110	101	113	113	94	95	102	104	92	103	101	88	102	106	100	92	101	116	107	99	106	109	106	102	102	85	119	97	106	105	117	113	93	89	106	94	94	96	93	103	105	101	89	95	98	86	86	101	94	129	95	95	106	83	102	93	95	87	100	98	101	107	108	109	101	93	83	110	117	102	99	102	97	95	103	108	76	95	94	105	100	104	93	80	133	103	106	105	115	88	91	98	99	105	96	108	93	106	100	101	88	105	100	121	103	85	95	129	103	93	94	85	102	89	105	90	100	85	101	87	121	92	111	114	93	101	107	97	130	99	119	85	103	103	105	94	103	112	87	118	107	96	99	104	108	88	95	121	110	99	118	82	98	99	103	132	88	101	105	101	100	106	104	104	110	96	85	97	87	81	95	93	109	80	105	96	96	108	120	89	126	91	97	91	93	94
cell197	182	164	185	166	154	160	178	182	172	185	181	159	209	170	165	163	149	190	188	167	186	173	193	166	182	181	184	160	184	177	208	202	202	172	170	170	163	186	181	198	170	155	177	181	194	173	190	177	167	152	167	148	156	186	157	208	176	188	162	172	185	172	190	171	171	159	165	186	186	180	173	196	177	153	171	174	154	176	167	178	167	168	160	170	178	186	164	173	167	175	163	196	186	146	156	155	146	178	168	174	181	168	161	161	156	153	172	164	171	140	145	175	168	165	173	162	177	144	171	170	147	169	170	168	175	187	157	203	163	162	185	194	187	199	170	198	200	151	148	176	150	180	193	145	178	178	175	193	171	169	184	150	127	156	157	204	180	161	174	179	167	157	179	145	191	174	172	167	188	198	174	163	163	163	154	194	166	192	167	185	175	154	188	139	159	182	166	174	141	162	156	191	178	183	197	155	179	180	147	176	168	152	169	174	173	194	171	158	185	171	189	176	184	151	153	185	177	150	182	181	174	184	182	184	164	184	172	184	156	156	208	198	169	192	174	192	152	158	182	146	178	155	200	159	112	117	121	115	135	121	98	147	112	126	115	109	100	132	112	117	123	127	109	121	122	118	109	132	115	128	101	118	114	95	129	110	95	100	127	139	113	127	126	107	109	103	112	102	115	109	108	123	112	143	104	107	112	120	115	105	112	125	119	117	116	98	130	111	120	113	110	117	114	111	122	120	124	112	116	101	147	116	109	104	100	125	113	123	135	105	125	111	119	131	123	132	109	124	124	101	130	119	145	122	105	114	107	123	121	119	107	121	101	135	100	110	103	113	110	105	130	112	107	123	107	123	104	109	124	108	108	127	107	123	120	112	110	99	126	103	104	107	114	125	101	121	120	112	113	105	124	111	120	110	132	99	105	110	87	132	120	115	109	113	116	115	137	122	121	101	136	101	135	108	102	138	126	119	101	117	114	126	111	109	99	112	128	105	135	104	115	113	104	110	96	108	104	105	115	111	124	123	114	126	112	128	127	127	115	113	94	126	89	129	113	109	116	122	119	114	121	109	125	113	108	114	122	127	118	111	132	120	126	111	102	116	108	119	95	113	96	105	102	116	133	119	119	103	92	105	130	127	142	86	107	102	95	109
cell198	97	79	95	92	79	84	108	69	82	83	84	85	106	84	70	72	71	74	99	94	81	87	89	85	84	81	105	86	104	104	81	69	107	86	82	76	93	83	94	91	88	93	99	77	92	87	85	146	130	126	117	118	100	122	127	141	136	135	141	143	143	134	150	130	135	121	127	129	106	142	124	127	119	124	114	81	98	87	91	96	92	34	48	49	0	0	0	40	56	35	94	89	86	70	82	95	76	78	88	89	76	80	95	89	81	94	96	96	90	77	92	73	94	73	99	85	98	87	77	82	91	78	85	91	95	82	67	105	79	76	89	91	78	65	70	98	90	67	92	89	92	100	101	81	81	80	87	97	103	87	75	71	85	78	74	93	95	78	94	99	99	85	75	92	78	101	83	110	79	88	83	90	101	83	79	95	76	96	64	85	90	93	87	92	86	96	86	78	80	84	83	97	101	81	123	74	76	60	94	103	79	89	88	87	90	87	88	87	90	75	86	92	77	97	83	93	104	88	92	102	82	81	79	91	92	93	98	85	88	85	86	70	87	77	92	90	70	92	104	68	92	82	100	91	65	97	82	90	95	89	88	96	80	81	113	84	83	91	103	80	74	96	102	84	79	91	78	99	71	75	85	78	84	73	77	88	85	89	95	91	99	91	98	88	93	80	95	103	88	71	91	92	67	90	89	86	83	108	96	95	80	81	74	83	92	78	82	82	87	94	85	68	73	85	82	82	80	85	82	89	99	98	86	78	65	93	99	84	77	81	90	103	61	92	88	88	92	89	86	91	101	95	91	102	85	78	91	74	98	78	89	89	92	82	68	77	81	97	77	84	80	87	83	80	90	86	112	85	87	86	87	102	84	74	84	80	93	76	73	103	79	96	99	102	99	93	100	74	100	79	79	84	78	78	72	72	89	78	81	71	100	87	92	81	74	79	85	78	91	79	111	93	68	84	89	83	91	92	96	96	88	64	82	76	82	83	93	89	98	86	94	88	89	89	82	91	85	77	105	80	88	82	83	86	77	95	78	71	89	106	80	98	86	96	86	78	82	71	71	95	82	89	84	79	101	85	86	92	77	101	96	87	81	77	84	78	78	81	91	83	96	79	86	99	91	87	109	85	74	94	75	98	85	80	104	60	78	84
cell199	186	169	192	177	191	220	200	199	189	178	180	174	210	180	218	184	185	215	207	193	169	200	171	231	186	201	213	217	209	208	208	201	254	191	218	204	190	190	210	193	211	182	201	197	191	194	230	165	188	196	174	179	200	204	193	213	196	179	196	223	188	193	176	217	198	202	214	192	175	206	219	188	200	230	178	205	223	201	182	241	202	203	192	180	190	200	230	201	203	208	159	203	194	213	188	167	193	177	199	204	198	195	185	190	185	144	195	200	176	201	204	220	171	203	204	205	203	162	184	209	170	177	186	203	214	226	178	205	183	200	212	200	223	209	188	219	232	186	210	197	173	168	215	203	195	222	199	236	203	198	202	182	180	195	193	193	198	197	190	209	201	191	219	182	227	210	176	212	200	205	209	145	183	204	213	241	180	199	191	195	185	183	214	186	187	211	185	203	205	174	179	182	182	184	228	197	198	194	187	209	178	171	198	202	188	210	211	209	172	182	206	237	206	185	219	202	205	196	200	203	197	169	199	186	199	204	193	219	210	198	241	212	209	198	192	197	199	199	194	194	207	215	216	188	140	139	138	134	137	144	157	128	153	127	145	133	131	136	119	144	115	142	134	109	135	150	119	140	152	128	131	123	122	137	155	130	143	157	133	145	114	124	137	138	121	134	124	113	126	117	127	147	128	143	113	141	135	143	129	130	138	106	117	143	136	127	143	124	122	140	139	107	147	128	169	146	139	148	125	133	127	148	137	111	125	124	132	128	136	123	141	144	129	134	126	134	131	143	128	112	143	121	127	127	121	123	151	115	133	150	124	120	126	121	125	140	134	136	133	106	143	148	118	128	134	120	125	144	147	172	135	124	106	114	151	141	139	125	110	133	129	164	142	148	150	146	133	132	129	123	128	132	119	117	98	116	115	135	115	122	136	136	151	139	151	130	145	136	140	136	149	120	130	108	107	154	108	142	139	143	129	120	142	145	114	132	134	130	121	99	139	134	141	123	125	133	144	116	126	113	147	141	138	132	142	129	153	121	120	147	132	130	115	125	140	131	107	130	135	132	113	126	120	128	132	141	130	155	126	122	156	138	108	130	118	127	119	124	140	152	108	128	104	126	143	141	127	120	112	142	132	139	134	112	136	111	126	133
